10 11 0.000701926
13 47 0.00103763
16 47 0.00106815
3 9 0.00134281
21 33 0.00195318
1 41 0.00262459
10 30 0.00354015
25 36 0.00375378
5 14 0.00582904
2 33 0.00708029
9 24 0.0077517
15 39 0.00784326
37 38 0.00796533
1 14 0.00836207
42 46 0.0089114
29 39 0.0089114
30 49 0.0108036
27 48 0.0114444
27 28 0.0126957
3 29 0.0130619
5 35 0.0149236
4 24 0.0159307
8 13 0.0184332
32 47 0.0185858
12 36 0.0188299
18 45 0.0191961
37 40 0.020539
24 26 0.0212409
21 22 0.0216376
7 47 0.0220954
31 47 0.0223701
22 41 0.0240181
3 20 0.0244453
5 25 0.0250862
35 37 0.0262764
8 11 0.0265816
18 22 0.0282907
8 20 0.0291452
4 37 0.0291452
0 25 0.0305795
34 39 0.0326853
7 28 0.0333262
3 46 0.0366222
4 23 0.0439772
17 35 0.0490738
19 46 0.0493789
41 44 0.0509354
38 43 0.0539872
6 32 0.0668661
