22 31 0.000335704
61 62 0.000366222
58 80 0.000854518
22 61 0.000976592
71 90 0.00128178
67 95 0.00140385
28 39 0.00146489
0 63 0.00180059
82 92 0.00189215
22 30 0.00189215
48 98 0.00201422
51 96 0.00228889
4 9 0.00231941
0 26 0.00244148
39 82 0.00268563
73 85 0.00274667
41 48 0.00289926
1 28 0.00299081
13 21 0.00338755
85 89 0.00387585
1 94 0.00399792
77 81 0.00433363
19 83 0.00506607
12 46 0.00564592
41 84 0.00579852
13 78 0.00582904
45 48 0.00589007
73 99 0.00589007
59 97 0.00604266
17 56 0.00607318
53 54 0.00689718
2 81 0.00689718
57 96 0.00695822
19 37 0.00756859
63 88 0.00790429
6 59 0.00796533
14 48 0.00805689
83 96 0.00824
16 51 0.00863674
9 16 0.0089114
1 54 0.00933866
40 72 0.00955229
49 87 0.00967437
4 92 0.0100711
77 85 0.0101321
5 96 0.0105289
55 83 0.0106815
83 93 0.0108951
21 85 0.0109867
47 76 0.0112003
86 88 0.0115055
23 59 0.0115055
37 77 0.011597
6 14 0.0119633
80 85 0.0120853
12 50 0.0125126
16 75 0.0127873
68 93 0.0129704
47 96 0.013123
31 40 0.013123
41 88 0.0134587
33 36 0.0135807
4 90 0.0136723
17 22 0.0141911
37 91 0.0142216
60 72 0.0142521
46 86 0.0142521
0 32 0.0144353
47 60 0.0144963
22 42 0.0147099
36 75 0.0153813
64 73 0.015595
0 56 0.0169988
10 47 0.018128
15 52 0.0187994
46 69 0.0196844
22 24 0.0196844
26 35 0.019837
9 65 0.0212104
51 67 0.0213324
40 49 0.0215461
74 94 0.0224006
75 79 0.0224311
24 25 0.0234993
38 96 0.0237739
8 36 0.0243233
27 48 0.0253609
20 72 0.0254524
7 40 0.0262764
34 61 0.0277108
15 97 0.0285958
10 18 0.028901
66 87 0.0303964
3 76 0.0347606
29 68 0.0359508
34 70 0.0365917
12 44 0.0392773
11 31 0.0496841
6 43 0.0524003
