117 155 0.000122074
79 153 0.000274667
1 195 0.000274667
78 154 0.000366222
9 60 0.000427259
53 66 0.000457778
46 71 0.000549333
4 185 0.000549333
80 156 0.000549333
86 194 0.000732444
13 183 0.000915555
104 158 0.000946074
15 138 0.00109867
132 148 0.00112918
59 199 0.0013123
16 94 0.0013123
61 74 0.00134281
51 192 0.00143437
92 184 0.00146489
50 124 0.00146489
184 195 0.00155644
151 159 0.00158696
140 153 0.001648
123 190 0.00192267
55 147 0.00195318
123 153 0.00195318
125 148 0.00207526
65 67 0.00210578
0 160 0.00225837
130 160 0.00228889
21 166 0.00234993
33 185 0.00244148
33 137 0.002472
59 109 0.00253304
114 131 0.00259407
109 142 0.00262459
13 30 0.00268563
131 198 0.00274667
51 129 0.00274667
166 187 0.00292978
35 60 0.00292978
49 58 0.00299081
64 163 0.00320444
40 192 0.00323496
28 66 0.00326548
100 199 0.00326548
2 195 0.00338755
32 130 0.00341807
41 84 0.00341807
61 125 0.00350963
79 186 0.00360118
42 86 0.00366222
5 12 0.00369274
84 113 0.00381481
60 149 0.00384533
1 126 0.00390637
104 180 0.00402844
9 37 0.00408948
49 63 0.00415052
12 66 0.00424207
44 71 0.00424207
11 164 0.00424207
111 116 0.00436415
81 147 0.00439467
40 110 0.00442518
64 108 0.00448622
41 119 0.00460829
57 129 0.00460829
87 89 0.00466933
17 180 0.00466933
48 111 0.00466933
56 59 0.00469985
29 102 0.00469985
112 152 0.00473037
96 195 0.004944
62 105 0.00506607
12 117 0.00512711
60 116 0.00518815
26 148 0.00518815
60 109 0.00521867
74 144 0.00521867
8 92 0.0052797
149 173 0.00531022
25 67 0.00540178
19 76 0.00543229
13 42 0.00546281
8 20 0.00555437
139 174 0.00567644
39 186 0.00573748
18 166 0.005768
142 144 0.00579852
103 140 0.00579852
2 100 0.00589007
100 161 0.00592059
42 72 0.00592059
119 149 0.00595111
24 129 0.00601215
69 99 0.00604266
109 166 0.00619526
93 154 0.00622578
38 110 0.00625629
43 135 0.00634785
34 154 0.00643941
49 181 0.00646992
60 114 0.00656148
21 69 0.00683615
20 188 0.00686666
117 193 0.00689718
43 146 0.0069277
101 161 0.00698874
169 178 0.00698874
103 198 0.00698874
45 68 0.00701926
35 73 0.00708029
19 173 0.00711081
84 105 0.00738548
0 63 0.00738548
50 134 0.00750755
15 167 0.00750755
3 165 0.00750755
129 193 0.00753807
65 138 0.00762963
72 193 0.00766015
95 165 0.00772118
177 185 0.0077517
58 104 0.00778222
136 139 0.00781274
131 192 0.00784326
43 120 0.00790429
98 160 0.00793481
84 180 0.00817896
75 91 0.00817896
5 90 0.00845363
160 171 0.00848415
41 82 0.00863674
33 149 0.00869778
6 13 0.00881985
145 163 0.00903348
168 182 0.009064
163 190 0.00912503
7 145 0.00915555
108 121 0.00918607
23 122 0.00918607
53 191 0.00946074
165 180 0.00952177
33 122 0.00955229
37 71 0.00970489
68 72 0.0097354
5 70 0.00982696
86 118 0.009888
27 123 0.00997955
15 85 0.00997955
143 151 0.0100406
34 117 0.0102847
22 141 0.0103458
2 22 0.0105594
120 162 0.0105594
87 193 0.010712
88 137 0.0109256
11 66 0.0110172
129 157 0.0111087
77 133 0.0112003
63 151 0.0112003
35 170 0.011475
66 120 0.011475
77 197 0.011475
34 174 0.0119633
115 176 0.0126347
55 111 0.0126652
27 150 0.0126957
52 178 0.0130009
90 189 0.0133671
97 178 0.0136418
125 168 0.0137028
169 175 0.0137333
10 130 0.0138859
130 196 0.0141301
112 164 0.0142827
31 65 0.0143132
50 154 0.0143742
32 47 0.0144353
105 169 0.0144658
54 161 0.0144658
85 140 0.0146489
35 94 0.0147404
102 155 0.014771
0 127 0.0149541
75 113 0.015595
3 156 0.0160222
22 179 0.0162053
115 195 0.0172735
95 107 0.0182806
106 188 0.0185553
3 197 0.0187689
14 163 0.0204779
39 83 0.0206915
128 155 0.0212409
36 79 0.0221564
28 172 0.025544
