152 205 0
58 210 3.05185e-05
3 73 0.000152593
193 225 0.000244148
10 238 0.000274667
113 122 0.000305185
127 185 0.000335704
109 139 0.000366222
80 205 0.000396741
40 89 0.000427259
95 161 0.000427259
30 249 0.000457778
117 130 0.000457778
11 85 0.000457778
28 231 0.000488296
68 143 0.000518815
127 130 0.000518815
224 231 0.000549333
36 51 0.00061037
23 160 0.00061037
57 125 0.00061037
110 165 0.000701926
81 225 0.000732444
83 241 0.000762963
55 162 0.000762963
23 235 0.000793481
60 101 0.000793481
177 247 0.000793481
113 183 0.000793481
148 248 0.000824
57 179 0.000915555
199 231 0.000946074
12 198 0.000946074
173 190 0.000976592
94 213 0.00103763
197 242 0.00103763
183 244 0.0011597
119 231 0.00119022
82 172 0.00122074
88 216 0.00125126
186 193 0.00125126
14 227 0.00128178
107 236 0.00134281
42 238 0.00134281
134 148 0.00137333
99 170 0.00146489
0 71 0.00146489
20 209 0.00146489
127 132 0.00149541
159 161 0.00155644
55 228 0.00158696
52 123 0.00161748
70 134 0.001648
48 204 0.00167852
104 235 0.00167852
30 171 0.00170904
201 241 0.00170904
170 241 0.00177007
22 77 0.00177007
56 190 0.00183111
120 212 0.00189215
11 139 0.00192267
134 240 0.0019837
55 197 0.0019837
0 8 0.00201422
6 243 0.00201422
83 117 0.00201422
3 51 0.00201422
189 199 0.00204474
168 206 0.00204474
94 158 0.00207526
73 240 0.00207526
134 206 0.0021363
71 153 0.00225837
3 98 0.00228889
52 227 0.00231941
81 190 0.00231941
14 188 0.00231941
107 241 0.00234993
15 95 0.00238044
22 141 0.002472
146 189 0.00250252
12 177 0.00259407
123 189 0.00268563
36 161 0.00268563
223 247 0.00271615
196 202 0.00271615
57 201 0.0028077
87 183 0.00283822
1 17 0.00283822
107 213 0.00286874
46 219 0.00289926
179 202 0.00289926
81 232 0.0029603
23 72 0.00299081
4 104 0.00302133
69 216 0.00314341
35 219 0.00317392
34 65 0.00320444
37 110 0.00320444
44 114 0.00326548
24 43 0.00332652
27 169 0.00332652
71 158 0.00338755
13 79 0.00338755
148 204 0.00344859
183 233 0.00347911
95 172 0.00347911
63 74 0.00350963
12 24 0.00354015
143 212 0.00360118
25 111 0.0036317
142 246 0.00366222
64 77 0.00369274
209 229 0.00372326
100 116 0.00375378
27 229 0.00375378
10 118 0.00375378
5 203 0.00375378
206 232 0.0037843
83 204 0.00381481
25 38 0.00387585
30 170 0.00390637
32 243 0.00390637
138 197 0.00396741
197 200 0.00399792
171 198 0.00399792
44 63 0.00402844
164 235 0.00402844
45 149 0.00402844
37 157 0.00402844
130 200 0.00405896
1 228 0.00408948
129 162 0.00412
104 107 0.00415052
108 153 0.00418104
31 249 0.00418104
232 238 0.00424207
62 231 0.00430311
111 137 0.00433363
68 177 0.00439467
66 67 0.00442518
183 228 0.0044557
160 243 0.00454726
22 170 0.00454726
14 58 0.00454726
48 149 0.00454726
21 76 0.00466933
1 180 0.00466933
137 203 0.00466933
133 245 0.00482192
58 235 0.00488296
63 239 0.00491348
202 237 0.00512711
114 153 0.00512711
35 169 0.00518815
25 191 0.0052797
113 152 0.0052797
31 86 0.0052797
195 212 0.00531022
101 187 0.00537126
94 178 0.00537126
55 60 0.00546281
67 101 0.00546281
154 248 0.00555437
145 202 0.00555437
49 81 0.00555437
55 142 0.00558489
72 229 0.00561541
140 249 0.00570696
2 48 0.00573748
76 173 0.00582904
37 73 0.00592059
203 212 0.00598163
4 192 0.00604266
111 176 0.00613422
4 131 0.00631733
150 212 0.00637837
100 192 0.00640889
156 223 0.00646992
3 91 0.00653096
112 244 0.006592
47 212 0.006592
123 181 0.00662252
121 161 0.00662252
174 175 0.00662252
32 175 0.00665304
119 245 0.00668355
86 226 0.00674459
59 212 0.00677511
223 230 0.00683615
39 119 0.00686666
103 227 0.00698874
119 218 0.00704978
50 212 0.00704978
83 217 0.00708029
163 206 0.00717185
190 211 0.00729392
135 239 0.00732444
79 165 0.00735496
176 184 0.00735496
61 170 0.00738548
151 227 0.007416
54 75 0.00766015
26 184 0.00766015
113 214 0.00781274
14 18 0.00793481
106 135 0.00799585
92 174 0.00808741
93 98 0.00824
139 170 0.00842311
62 69 0.00866726
11 166 0.00869778
102 143 0.00875881
221 243 0.00881985
97 139 0.00888089
132 234 0.00894192
207 230 0.00921659
34 135 0.00921659
54 192 0.00921659
40 155 0.00924711
6 147 0.00936918
41 86 0.00952177
9 73 0.00958281
33 121 0.00961333
7 38 0.00970489
144 208 0.0102847
90 143 0.0103763
47 136 0.0104373
182 214 0.0104984
53 78 0.0117496
120 128 0.0119633
16 223 0.0121464
53 133 0.0123295
19 40 0.0125736
108 115 0.0130009
171 220 0.0132756
18 19 0.0136418
162 194 0.0146489
120 208 0.0149541
105 191 0.0152593
94 222 0.0154424
167 195 0.0154424
61 96 0.0178533
84 243 0.0187994
189 215 0.0198675
126 208 0.0200812
124 230 0.0231025
29 221 0.0242622
