56 112 0.000122074
6 139 0.000122074
49 136 0.000305185
122 134 0.000488296
97 119 0.000579852
3 98 0.000701926
41 121 0.000824
4 68 0.000824
1 126 0.000915555
60 109 0.00103763
48 58 0.00109867
25 26 0.0011597
87 117 0.00128178
108 149 0.00128178
55 58 0.0013123
133 145 0.00149541
3 37 0.00210578
15 61 0.00216681
21 102 0.00219733
13 26 0.00219733
40 147 0.00231941
67 128 0.00231941
99 137 0.00234993
62 99 0.00244148
71 82 0.00262459
32 94 0.00277718
12 84 0.00289926
123 125 0.0029603
130 139 0.00302133
133 149 0.00302133
63 147 0.00305185
75 146 0.00305185
82 116 0.00320444
61 67 0.00326548
95 121 0.003296
61 109 0.00332652
37 94 0.00338755
31 50 0.00344859
92 114 0.00350963
120 132 0.00360118
12 74 0.0036317
66 107 0.0036317
68 129 0.00369274
10 17 0.00387585
78 97 0.00405896
86 104 0.00408948
78 123 0.00430311
12 147 0.00436415
24 120 0.00439467
40 109 0.00442518
7 77 0.00442518
108 142 0.00457778
25 122 0.00460829
92 119 0.00460829
69 142 0.00466933
56 79 0.00491348
56 69 0.00491348
14 95 0.00497452
62 103 0.00506607
31 133 0.00509659
36 119 0.00518815
73 137 0.00531022
2 78 0.00537126
57 71 0.00546281
14 98 0.00546281
68 98 0.00552385
8 13 0.00579852
12 51 0.00582904
23 104 0.00622578
68 78 0.00650044
37 45 0.00650044
7 107 0.00665304
70 123 0.00683615
2 89 0.0069277
62 132 0.00698874
31 66 0.00717185
96 145 0.00717185
51 117 0.00738548
13 20 0.007416
76 116 0.00750755
23 74 0.00753807
65 92 0.00759911
79 95 0.00772118
33 57 0.00772118
99 143 0.0077517
5 39 0.00781274
47 68 0.00814844
12 132 0.00839259
5 57 0.00851466
100 103 0.00869778
116 136 0.00885037
44 64 0.00888089
42 125 0.00888089
28 66 0.00903348
132 139 0.00903348
44 80 0.00903348
4 143 0.009064
16 23 0.00933866
75 128 0.00936918
56 71 0.00943022
46 113 0.00955229
100 115 0.00955229
100 126 0.00970489
27 109 0.00994903
38 60 0.0102237
124 142 0.0104068
139 144 0.0105594
86 93 0.0107425
21 76 0.0108951
8 9 0.0108951
54 87 0.0109561
64 108 0.0109867
30 62 0.0110477
25 100 0.0111698
52 134 0.0111698
25 141 0.0112918
29 85 0.0113834
18 51 0.0114139
36 72 0.0116581
43 94 0.0116581
69 101 0.0123905
5 48 0.0124516
99 138 0.0129093
88 93 0.0133061
17 131 0.0135807
59 147 0.0145878
81 124 0.0147099
53 115 0.014893
13 110 0.0149236
10 72 0.0151067
44 118 0.0151982
51 148 0.0152287
93 106 0.0152287
91 147 0.015656
54 85 0.0160222
11 35 0.0170598
21 127 0.017365
65 113 0.0175787
45 83 0.0179754
68 90 0.0181585
81 135 0.0182806
0 40 0.0195013
11 128 0.0219428
72 105 0.02472
53 111 0.0249031
17 34 0.0273141
135 140 0.0276803
19 29 0.0292978
0 22 0.0426649
