64 148 3.05185e-05
111 270 9.15555e-05
177 223 0.000152593
115 299 0.000183111
65 193 0.000244148
194 210 0.000274667
129 204 0.000305185
188 293 0.000305185
2 36 0.000305185
30 95 0.000335704
64 294 0.000396741
28 120 0.000427259
103 253 0.000427259
23 276 0.000457778
86 224 0.000488296
203 212 0.000518815
143 202 0.000549333
125 224 0.000640889
130 273 0.000640889
108 130 0.000671407
75 254 0.000671407
6 241 0.000671407
151 288 0.000762963
71 261 0.000793481
250 267 0.000793481
17 74 0.000824
156 245 0.000915555
222 235 0.000915555
88 237 0.000946074
47 241 0.000946074
84 98 0.00103763
231 297 0.00106815
261 291 0.00106815
8 9 0.00109867
84 130 0.00112918
103 221 0.00112918
79 211 0.0011597
145 274 0.0011597
63 236 0.0011597
111 243 0.00119022
104 124 0.00122074
41 279 0.00125126
55 117 0.00125126
158 217 0.00125126
32 65 0.00128178
125 205 0.00128178
27 192 0.0013123
16 217 0.0013123
96 200 0.0013123
16 35 0.00134281
29 86 0.00137333
0 208 0.00143437
22 163 0.00146489
97 175 0.00149541
74 272 0.00149541
130 248 0.00152593
70 132 0.00152593
12 126 0.00155644
223 233 0.00155644
24 204 0.00161748
204 250 0.00161748
205 208 0.001648
29 225 0.00167852
121 225 0.00167852
89 246 0.00170904
63 231 0.00170904
156 292 0.00170904
15 144 0.00170904
34 51 0.00173956
8 225 0.00180059
217 248 0.00186163
24 133 0.00189215
63 182 0.00192267
176 246 0.00195318
243 264 0.0019837
51 58 0.00204474
56 150 0.00204474
20 155 0.00207526
7 132 0.00207526
29 111 0.00207526
77 126 0.00207526
29 287 0.00207526
258 291 0.00210578
110 148 0.00210578
138 147 0.00210578
202 287 0.00210578
78 271 0.00210578
237 272 0.0021363
1 234 0.0021363
179 209 0.00216681
75 137 0.00219733
20 141 0.00222785
64 120 0.00225837
87 116 0.00228889
100 121 0.00231941
134 195 0.00231941
64 199 0.00234993
47 185 0.00234993
130 212 0.00241096
17 100 0.00241096
213 223 0.00250252
13 196 0.00250252
146 242 0.00253304
94 142 0.00253304
90 287 0.00259407
91 136 0.00259407
4 152 0.00265511
212 272 0.00265511
47 230 0.00271615
13 88 0.00271615
12 284 0.00271615
89 92 0.00274667
101 202 0.00277718
105 219 0.0028077
180 222 0.00283822
21 69 0.00283822
3 8 0.00289926
55 88 0.00289926
238 299 0.00289926
171 234 0.00292978
173 252 0.0029603
69 222 0.0029603
83 87 0.00299081
133 293 0.00308237
41 68 0.00311289
50 93 0.00311289
145 203 0.00311289
110 194 0.00311289
152 199 0.00311289
146 297 0.00314341
25 131 0.00314341
210 241 0.00317392
70 96 0.00317392
160 261 0.00323496
7 228 0.00323496
101 193 0.003296
83 283 0.003296
243 267 0.003296
67 108 0.003296
79 139 0.00332652
20 291 0.00338755
151 268 0.00341807
19 242 0.00344859
0 87 0.00344859
121 295 0.00347911
67 229 0.00354015
50 83 0.00357067
195 264 0.00357067
221 284 0.0036317
78 157 0.00366222
159 287 0.00369274
68 86 0.00372326
42 158 0.00375378
222 277 0.00375378
235 280 0.00375378
107 191 0.00381481
108 148 0.00384533
177 234 0.00387585
77 85 0.00387585
66 238 0.00390637
53 165 0.00393689
58 237 0.00405896
121 135 0.00405896
141 187 0.00405896
28 222 0.00408948
27 253 0.00412
27 79 0.00415052
288 289 0.00421155
215 232 0.00424207
31 208 0.00427259
10 270 0.00433363
27 155 0.00436415
168 292 0.00436415
71 145 0.00436415
161 221 0.00436415
15 54 0.00436415
11 153 0.00439467
50 114 0.00439467
69 220 0.00442518
22 65 0.0044557
78 195 0.0044557
4 173 0.0044557
32 66 0.0044557
132 250 0.00451674
148 282 0.00454726
56 70 0.00469985
6 81 0.00469985
175 229 0.00469985
50 239 0.00473037
293 298 0.00473037
55 227 0.00473037
0 289 0.00476089
90 127 0.00479141
53 250 0.00485244
176 256 0.00488296
198 267 0.00491348
43 77 0.004944
199 247 0.004944
238 296 0.00500504
75 116 0.00503555
48 265 0.00503555
48 144 0.00503555
125 232 0.00506607
223 257 0.00509659
23 31 0.00512711
8 218 0.00515763
220 231 0.00515763
31 285 0.00515763
41 89 0.00515763
105 289 0.00518815
87 138 0.00521867
99 123 0.00521867
39 141 0.00531022
197 247 0.00534074
149 297 0.00537126
179 267 0.00543229
82 132 0.00552385
141 170 0.00561541
177 185 0.00561541
58 278 0.00564592
37 157 0.00567644
9 30 0.00567644
54 133 0.00570696
244 293 0.00570696
190 271 0.00570696
47 140 0.00573748
52 277 0.00573748
5 16 0.005768
109 250 0.00579852
142 265 0.00595111
34 44 0.00595111
45 256 0.00595111
226 245 0.00601215
226 230 0.00607318
115 166 0.00619526
33 208 0.00625629
72 223 0.00634785
74 186 0.00634785
33 172 0.00646992
175 184 0.00650044
62 126 0.00656148
24 102 0.00656148
105 167 0.006592
181 218 0.00662252
116 281 0.00665304
21 286 0.00683615
232 240 0.0069277
107 119 0.00704978
77 251 0.00714133
46 292 0.00723289
98 104 0.00729392
131 167 0.00732444
259 288 0.00750755
25 128 0.00753807
123 137 0.00769066
29 118 0.00778222
136 255 0.00781274
19 201 0.00781274
107 202 0.00784326
14 119 0.00790429
18 39 0.00790429
39 91 0.00793481
2 249 0.00796533
44 266 0.00802637
108 262 0.00805689
214 284 0.00820948
82 189 0.00820948
2 145 0.00830103
164 281 0.00839259
275 294 0.0085757
1 80 0.00863674
60 267 0.00869778
67 73 0.00875881
21 174 0.00878933
198 207 0.00885037
183 256 0.00894192
140 178 0.00927763
169 212 0.00930815
22 263 0.00961333
110 113 0.00970489
196 206 0.00994903
79 122 0.00997955
76 251 0.0101321
26 123 0.0102237
216 272 0.0102847
154 218 0.0105289
1 61 0.010773
38 242 0.0108341
106 140 0.0109561
20 269 0.0111698
2 162 0.0112003
11 194 0.0115055
249 290 0.0120853
40 205 0.0121158
122 260 0.0122684
59 207 0.0124516
49 104 0.0126652
112 147 0.0135197
57 258 0.0149236
