-1 65 15 15
0.000111 1 2 7 B
0.031029 1 3 7 B
0.059780 1 3 8 b
0.000307 12 13 11 M
0.041050 12 14 11 M
0.085629 12 0 11 m
0.000189 4 12 5 E
0.048256 4 12 6 E
0.159363 4 12 6 e
0.000335 13 12 6 N
0.048254 13 13 6 N
0.175603 13 13 6 n
0.000170 3 1 14 D
0.050272 3 1 0 D
0.069919 3 0 0 D
0.085561 3 0 14 D
0.108146 3 14 14 D
0.122432 3 0 14 D
0.159020 3 1 14 D
0.202906 3 1 13 D
0.341613 3 1 13 d
0.000306 11 14 13 L
0.045735 11 14 12 L
0.076435 11 14 13 L
0.090901 11 13 13 L
0.103346 11 13 14 L
0.136630 11 13 13 L
0.156766 11 14 13 L
0.179682 11 14 12 L
0.210026 11 14 11 L
0.239375 11 13 11 L
0.257949 11 14 11 L
0.302665 11 13 11 L
0.343513 11 13 10 l
0.050479 25 3 12 0
0.145738 25 3 11 0
0.350586 25 15 15 0
0.000304 9 4 13 J
0.045166 9 4 14 J
0.089296 9 3 14 J
0.129260 9 3 13 J
0.145745 9 3 12 J
0.174560 9 3 13 J
0.190759 9 3 14 J
0.223859 9 2 14 J
0.241074 9 1 14 J
0.385387 9 1 14 j
0.100602 26 9 2 1
0.400795 26 15 15 1
0.000339 14 7 6 O
0.028230 14 8 6 O
0.055920 14 9 6 O
0.071638 14 10 6 O
0.119019 14 11 6 O
0.154304 14 11 5 O
0.178910 14 11 6 O
0.227483 14 10 6 O
0.268393 14 11 6 O
0.409409 14 11 6 o
0.150572 27 12 8 2
0.450785 27 15 15 2
0.200581 28 10 1 3
0.500759 28 15 15 3
0.250609 29 9 8 4
0.550739 29 15 15 4
0.300632 30 3 10 5
0.600764 30 15 15 5
0.000221 6 10 9 G
0.036115 6 11 9 G
0.063824 6 11 8 G
0.079929 6 10 8 G
0.112645 6 10 7 G
0.126599 6 9 7 G
0.171430 6 8 7 G
0.209654 6 7 7 G
0.236820 6 8 7 G
0.278861 6 8 6 G
0.299193 6 8 7 G
0.318253 6 7 7 G
0.342103 6 6 7 G
0.380526 6 6 6 G
0.416897 6 5 6 G
0.451726 6 5 7 G
0.472610 6 5 6 G
0.496340 6 5 5 G
0.615494 6 5 5 g
0.000110 0 9 3 A
0.020873 0 8 3 A
0.053677 0 7 3 A
0.097784 0 7 4 A
0.138430 0 7 5 A
0.181481 0 6 5 A
0.219137 0 5 5 A
0.255893 0 4 5 A
0.278406 0 3 5 A
0.303710 0 4 5 A
0.343849 0 4 6 A
0.367228 0 4 7 A
0.391871 0 4 6 A
0.423497 0 4 5 A
0.471723 0 3 5 A
0.512746 0 4 5 A
0.646117 0 4 5 a
0.350628 31 6 1 6
0.551175 31 6 0 6
0.650766 31 15 15 6
0.400579 32 1 9 7
0.700807 32 15 15 7
0.450609 33 1 10 8
0.750825 33 15 15 8
0.500557 34 5 11 9
0.800710 34 15 15 9
0.000303 10 13 0 K
0.046309 10 14 0 K
0.056911 10 14 1 K
0.077219 10 14 2 K
0.108154 10 14 3 K
0.146040 10 14 2 K
0.188218 10 14 1 K
0.221967 10 14 2 K
0.248943 10 13 2 K
0.259654 10 12 2 K
0.291461 10 13 2 K
0.315471 10 13 3 K
0.344069 10 14 3 K
0.374889 10 0 3 K
0.402683 10 0 2 K
0.427158 10 1 2 K
0.474561 10 1 3 K
0.496611 10 1 4 K
0.537149 10 2 4 K
0.587061 10 1 4 K
0.621482 10 1 5 K
0.637694 10 2 5 K
0.655231 10 3 5 K
0.690692 10 2 5 K
0.705858 10 3 5 K
0.829197 10 3 5 k
0.550654 35 5 4 0
0.850875 35 15 15 0
0.000191 5 14 2 F
0.015754 5 0 2 F
0.053370 5 1 2 F
0.082750 5 2 2 F
0.120736 5 1 2 F
0.145481 5 0 2 F
0.194283 5 14 2 F
0.221960 5 0 2 F
0.264935 5 1 2 F
0.313754 5 1 3 F
0.343258 5 0 3 F
0.362410 5 1 3 F
0.402691 5 0 3 F
0.414315 5 1 3 F
0.453524 5 2 3 F
0.496643 5 1 3 F
0.591770 5 1 2 F
0.633079 5 0 2 F
0.667609 5 0 1 F
0.707980 5 0 0 F
0.747559 5 0 14 F
0.885414 5 0 14 f
0.600648 36 5 2 1
0.697292 36 5 3 1
0.872072 36 5 4 1
0.900875 36 15 15 1
0.650605 37 6 12 2
0.950707 37 15 15 2
0.700631 38 10 5 3
1.000852 38 15 15 3
0.000235 8 5 11 I
0.041292 8 6 11 I
0.084086 8 7 11 I
0.115738 8 6 11 I
0.129846 8 7 11 I
0.157386 8 7 10 I
0.174982 8 8 10 I
0.210045 8 9 10 I
0.251630 8 10 10 I
0.278184 8 10 9 I
0.316412 8 11 9 I
0.365533 8 10 9 I
0.398654 8 10 8 I
0.446190 8 10 9 I
0.469406 8 10 8 I
0.503675 8 11 8 I
0.520852 8 11 7 I
0.549495 8 11 8 I
0.574643 8 10 8 I
0.619955 8 10 9 I
0.634793 8 11 9 I
0.678180 8 11 10 I
0.690698 8 10 10 I
0.711873 8 11 10 I
0.747750 8 10 10 I
0.793234 8 10 9 I
0.810048 8 10 10 I
0.847747 8 11 10 I
0.883016 8 12 10 I
0.902194 8 12 9 I
0.918137 8 12 8 I
0.967526 8 12 9 I
1.008135 8 12 10 I
1.049358 8 13 10 i
0.750619 39 6 13 4
1.050779 39 15 15 4
0.800635 40 12 5 5
1.100870 40 15 15 5
0.850618 41 14 6 6
1.150728 41 15 15 6
0.900599 42 9 8 7
1.200831 42 15 15 7
0.950640 43 11 4 8
1.250864 43 15 15 8
1.000570 44 6 7 9
1.300781 44 15 15 9
0.000230 7 12 13 H
0.046642 7 12 14 H
0.093026 7 12 0 H
0.120793 7 11 0 H
0.161842 7 11 1 H
0.196277 7 12 1 H
0.209171 7 12 0 H
0.221592 7 11 0 H
0.242510 7 12 0 H
0.289769 7 13 0 H
0.308186 7 13 1 H
0.337981 7 13 2 H
0.380351 7 14 2 H
0.427167 7 0 2 H
0.455110 7 14 2 H
0.500492 7 0 2 H
0.543275 7 1 2 H
0.591763 7 0 2 H
0.633070 7 0 3 H
0.667617 7 0 2 H
0.708748 7 1 2 H
0.750829 7 0 2 H
0.775402 7 0 1 H
0.786513 7 0 2 H
0.823803 7 0 3 H
0.860396 7 1 3 H
0.898950 7 1 2 H
0.940618 7 0 2 H
0.975515 7 0 1 H
1.023918 7 1 1 H
1.069435 7 2 1 H
1.114236 7 1 1 H
1.133356 7 0 1 H
1.168663 7 0 0 H
1.193004 7 1 0 H
1.321335 7 1 0 h
0.000186 2 5 1 C
0.013756 2 4 1 C
0.059281 2 3 1 C
0.085625 2 3 0 C
0.102950 2 4 0 C
0.130908 2 3 0 C
0.178048 2 4 0 C
0.190555 2 3 0 C
0.235413 2 3 1 C
0.267498 2 3 2 C
0.304147 2 3 1 C
0.334129 2 3 0 C
0.381516 2 4 0 C
0.394194 2 5 0 C
0.410725 2 5 1 C
0.444569 2 5 2 C
0.475542 2 5 1 C
0.491887 2 5 2 C
0.525278 2 5 1 C
0.551182 2 6 1 C
0.562867 2 5 1 C
0.583612 2 4 1 C
0.617738 2 5 1 C
0.639265 2 6 1 C
0.683764 2 5 1 C
0.697299 2 5 2 C
0.727277 2 5 1 C
0.771834 2 4 1 C
0.820530 2 5 1 C
0.856576 2 5 2 C
0.872079 2 5 3 C
0.883646 2 6 3 C
0.913014 2 7 3 C
0.935997 2 7 2 C
0.949574 2 6 2 C
0.976015 2 6 1 C
0.992362 2 7 1 C
1.041115 2 6 1 C
1.087431 2 6 2 C
1.119023 2 5 2 C
1.160673 2 6 2 C
1.177779 2 6 3 C
1.212904 2 6 2 C
1.258344 2 7 2 C
1.302339 2 6 2 C
1.050624 45 3 9 0
1.350776 45 15 15 0
1.100646 46 1 11 1
1.400881 46 15 15 1
1.150640 47 3 11 2
1.450814 47 15 15 2
1.200632 48 12 11 3
1.500789 48 15 15 3
1.250611 49 13 9 4
1.550769 49 15 15 4
1.300635 50 6 10 5
1.600739 50 15 15 5
0.000110 24 8 11 #
0.000052 20 9 9 #
0.000048 19 1 12 #
0.000048 15 11 12 #
0.000046 16 7 12 #
0.000047 17 1 8 #
0.000048 18 3 8 #
0.139992 18 3 8 #
0.000054 22 13 10 #
0.423679 22 13 10 #
1.129539 22 13 10 #
0.000046 21 8 13 #
0.000054 23 0 11 #
0.165837 23 0 11 #
