0.000108450  6  6  0  G
0.034177473  6  6  1  G
0.035393324  6  6  2  G
0.035393503  6  6  3  G
0.035393818  6  6  4  G
0.097586086  6  6  5  G
0.109713624  6  6  6  G
0.109713746  6  6  0  G
0.147016050  6  6  1  G
0.269399316  6  6  2  G
0.269399447  6  6  4  G
0.478140544  6  6  5  G
0.497257811  6  6  6  G
0.497257901  6  6  0  G
0.518545253  6  6  1  G
0.697130043  6  6  2  G
0.697130111  6  6  3  G
0.697130513  6  6  4  G
0.909468960  6  6  5  G
0.935584770  6  6  6  G
0.935584867  6  6  0  G
0.951835692  6  6  1  G
1.155264714  6  6  2  G
1.155264792  6  6  3  G
1.155270869  6  6  4  G
1.358249767  6  6  5  G
1.403483403  6  6  6  G
1.403483503  6  6  0  G
1.433596617  6  6  1  G
1.630144396  6  6  2  G
1.630144516  6  6  4  G
1.740308475  6  6  5  G
1.767667784  6  6  6  G
1.767667899  6  6  0  G
1.791841329  6  6  1  G
1.964034887  6  6  2  G
1.964035107  6  6  4  G
2.183342485  6  6  5  G
2.233724451  6  6  6  G
2.233724574  6  6  0  G
2.270598714  6  6  1  G
2.434345255  6  6  2  G
2.434345317  6  6  3  G
2.434345839  6  6  4  G
2.611615646  6  6  5  G
2.639869456  6  6  6  G
2.639869569  6  6  0  G
0.000125783  12  12  0  M
0.021631554  12  12  1  M
0.035393426  12  12  2  M
0.035393570  12  12  3  M
0.035393839  12  12  4  M
0.158727621  12  12  5  M
0.178543550  12  12  6  M
0.178543656  12  12  0  M
0.226722590  12  12  1  M
0.269399327  12  12  2  M
0.269399551  12  12  4  M
0.641571086  12  12  5  M
0.667817566  12  12  6  M
0.667817653  12  12  0  M
0.690013103  12  12  1  M
0.697130016  12  12  2  M
0.697130093  12  12  3  M
0.697130546  12  12  4  M
1.101829715  12  12  5  M
1.126155446  12  12  6  M
1.126155535  12  12  0  M
1.140309567  12  12  1  M
1.155259697  12  12  2  M
1.155259903  12  12  3  M
1.155270854  12  12  4  M
1.551697100  12  12  5  M
1.586082409  12  12  6  M
1.586082506  12  12  0  M
1.634260712  12  12  1  M
1.964034883  12  12  2  M
1.964035041  12  12  4  M
2.366628336  12  12  5  M
2.386104421  12  12  6  M
2.386104533  12  12  0  M
2.403220199  12  12  1  M
2.434345232  12  12  2  M
2.434345303  12  12  3  M
2.434345839  12  12  4  M
2.772936962  12  12  5  M
2.801169637  12  12  6  M
2.801169717  12  12  0  M
0.000137315  2  2  0  C
0.014307163  2  2  1  C
0.014307283  2  2  2  C
0.014307348  2  2  4  C
0.014307403  2  2  5  C
0.035393132  2  2  6  C
0.035393243  2  2  0  C
0.085353695  2  2  1  C
0.269399341  2  2  2  C
0.269399508  2  2  4  C
0.334180922  2  2  5  C
0.349911017  2  2  6  C
0.349911136  2  2  0  C
0.386646891  2  2  1  C
0.697130335  2  2  2  C
0.697130572  2  2  4  C
0.768426071  2  2  5  C
0.797757892  2  2  6  C
0.797758021  2  2  0  C
0.824875773  2  2  1  C
1.155259737  2  2  2  C
1.155259958  2  2  3  C
1.155270828  2  2  4  C
1.226805607  2  2  5  C
1.245068679  2  2  6  C
1.245068834  2  2  0  C
1.265876345  2  2  1  C
1.630144341  2  2  2  C
1.630144574  2  2  4  C
1.664629846  2  2  5  C
1.687843379  2  2  6  C
1.687843480  2  2  0  C
1.734189604  2  2  1  C
1.964034868  2  2  2  C
1.964035155  2  2  4  C
2.033391841  2  2  5  C
2.081746168  2  2  6  C
2.081746293  2  2  0  C
2.124836004  2  2  1  C
2.434345254  2  2  2  C
2.434345496  2  2  3  C
2.434345841  2  2  4  C
2.481694239  2  2  5  C
2.507086401  2  2  6  C
2.507086506  2  2  0  C
2.556380368  2  2  1  C
2.817412604  2  2  2  C
2.817412831  2  2  4  C
2.887926133  2  2  5  C
2.911105759  2  2  6  C
2.911105878  2  2  0  C
0.000107315  3  3  0  D
0.025830925  3  3  1  D
0.035393672  3  3  2  D
0.035393742  3  3  4  D
0.062231832  3  3  5  D
0.097585806  3  3  6  D
0.097585930  3  3  0  D
0.132836633  3  3  1  D
0.269399263  3  3  2  D
0.269399445  3  3  4  D
0.349911194  3  3  5  D
0.386654770  3  3  6  D
0.386654884  3  3  0  D
0.435902358  3  3  1  D
0.697130334  3  3  2  D
0.697130571  3  3  4  D
0.797758162  3  3  5  D
0.831993072  3  3  6  D
0.831993185  3  3  0  D
0.850111223  3  3  1  D
1.155259724  3  3  2  D
1.155259846  3  3  3  D
1.155270813  3  3  4  D
1.245068918  3  3  5  D
1.271418986  3  3  6  D
1.271419119  3  3  0  D
1.302537045  3  3  1  D
1.630144417  3  3  2  D
1.630144551  3  3  4  D
1.687843593  3  3  5  D
1.703961514  3  3  6  D
1.703961613  3  3  0  D
1.744424398  3  3  1  D
1.964034903  3  3  2  D
1.964035044  3  3  4  D
2.081746396  3  3  5  D
2.128956315  3  3  6  D
2.128956433  3  3  0  D
2.177221668  3  3  1  D
2.434345338  3  3  2  D
2.434345492  3  3  3  D
2.434345836  3  3  4  D
2.507086692  3  3  5  D
2.539202481  3  3  6  D
2.539202580  3  3  0  D
2.555319021  3  3  1  D
2.817412764  3  3  2  D
2.817412970  3  3  4  D
2.911106024  3  3  5  D
2.959344941  3  3  6  D
2.959345039  3  3  0  D
0.000088487  9  9  0  J
0.050111771  9  9  1  J
0.269399275  9  9  2  J
0.269399488  9  9  4  J
0.537953398  9  9  5  J
0.581068681  9  9  6  J
0.581068777  9  9  0  J
0.609306209  9  9  1  J
0.697130440  9  9  2  J
0.697130622  9  9  4  J
1.013073155  9  9  5  J
1.055436607  9  9  6  J
1.055436749  9  9  0  J
1.066554390  9  9  1  J
1.155270667  9  9  2  J
1.155270747  9  9  4  J
1.467836283  9  9  5  J
1.492077574  9  9  6  J
1.492077654  9  9  0  J
1.537516614  9  9  1  J
1.630144342  9  9  2  J
1.630144576  9  9  4  J
1.835083581  9  9  5  J
1.850146658  9  9  6  J
1.850146757  9  9  0  J
1.897212502  9  9  1  J
1.964034904  9  9  2  J
1.964035047  9  9  4  J
2.271022094  9  9  5  J
2.316326426  9  9  6  J
2.316326530  9  9  0  J
2.365567185  9  9  1  J
2.434345251  9  9  2  J
2.434345322  9  9  3  J
2.434345831  9  9  4  J
2.696399714  9  9  5  J
2.727640270  9  9  6  J
2.727640379  9  9  0  J
2.758823424  9  9  1  J
2.817412666  9  9  2  J
2.817412952  9  9  4  J
3.125084849  9  9  5  J
3.165292107  9  9  6  J
3.165292189  9  9  0  J
0.000094977  5  5  0  F
0.047988368  5  5  1  F
0.269399322  5  5  2  F
0.269399463  5  5  4  F
0.430442571  5  5  5  F
0.478140302  5  5  6  F
0.478140412  5  5  0  F
0.524722440  5  5  1  F
0.697130086  5  5  2  F
0.697130161  5  5  3  F
0.697130560  5  5  4  F
0.863233409  5  5  5  F
0.909468709  5  5  6  F
0.909468794  5  5  0  F
0.947763874  5  5  1  F
1.155259700  5  5  2  F
1.155259785  5  5  3  F
1.155270800  5  5  4  F
1.312674842  5  5  5  F
1.358249560  5  5  6  F
1.358249672  5  5  0  F
1.377363433  5  5  1  F
1.630144414  5  5  2  F
1.630144709  5  5  4  F
1.728076636  5  5  5  F
1.740308297  5  5  6  F
1.740308389  5  5  0  F
1.751547785  5  5  1  F
1.964034933  5  5  2  F
1.964035111  5  5  4  F
2.158070709  5  5  5  F
2.183342182  5  5  6  F
2.183342295  5  5  0  F
2.216576327  5  5  1  F
2.434345179  5  5  2  F
2.434345279  5  5  3  F
2.434345843  5  5  4  F
2.584501806  5  5  5  F
2.611615486  5  5  6  F
2.611615564  5  5  0  F
2.644986715  5  5  1  F
2.817412669  5  5  2  F
2.817412791  5  5  4  F
3.003463459  5  5  5  F
3.050788683  5  5  6  F
3.050788790  5  5  0  F
3.087907643  5  5  1  F
3.272795598  5  5  2  F
3.272795709  5  5  4  F
3.358528439  5  5  5  F
3.377465417  5  5  6  F
3.377465529  5  5  0  F
0.000076903  7  7  0  H
0.045766537  7  7  1  H
0.269399299  7  7  2  H
0.269399550  7  7  4  H
0.497257990  7  7  5  H
0.513372159  7  7  6  H
0.513372263  7  7  0  H
0.535836202  7  7  1  H
0.697130045  7  7  2  H
0.697130112  7  7  3  H
0.697130582  7  7  4  H
0.935584976  7  7  5  H
0.983952050  7  7  6  H
0.983952123  7  7  0  H
1.015181981  7  7  1  H
1.155259754  7  7  2  H
1.155259993  7  7  3  H
1.155270846  7  7  4  H
1.403483604  7  7  5  H
1.435715693  7  7  6  H
1.435715814  7  7  0  H
1.472955599  7  7  1  H
1.630144335  7  7  2  H
1.630144618  7  7  4  H
1.767668038  7  7  5  H
1.810964493  7  7  6  H
1.810964592  7  7  0  H
1.851206555  7  7  1  H
1.964034887  7  7  2  H
1.964035115  7  7  4  H
2.233724748  7  7  5  H
2.259872580  7  7  6  H
2.259872677  7  7  0  H
2.308203359  7  7  1  H
2.434345236  7  7  2  H
2.434345313  7  7  3  H
2.434345833  7  7  4  H
2.639869695  7  7  5  H
2.652107349  7  7  6  H
2.652107459  7  7  0  H
2.677223666  7  7  1  H
2.817412652  7  7  2  H
2.817412796  7  7  4  H
3.050788908  7  7  5  H
3.088968337  7  7  6  H
3.088968447  7  7  0  H
3.137231210  7  7  1  H
3.272795671  7  7  2  H
3.272795811  7  7  4  H
3.377466599  7  7  5  H
3.389075507  7  7  6  H
3.389075642  7  7  0  H
3.407685375  7  7  1  H
3.461817700  7  7  2  H
3.461817801  7  7  4  H
3.573441678  7  7  5  H
3.603671159  7  7  6  H
3.603671261  7  7  0  H
0.000077136  8  8  0  I
0.016512724  8  8  1  I
0.035393354  8  8  2  I
0.035393486  8  8  3  I
0.035393820  8  8  4  I
0.109713874  8  8  5  I
0.133898047  8  8  6  I
0.133898144  8  8  0  I
0.163304618  8  8  1  I
0.269399264  8  8  2  I
0.269399450  8  8  4  I
0.513372331  8  8  5  I
0.537953183  8  8  6  I
0.537953303  8  8  0  I
0.585185158  8  8  1  I
0.697130137  8  8  2  I
0.697130229  8  8  3  I
0.697130469  8  8  4  I
0.983952309  8  8  5  I
1.013072925  8  8  6  I
1.013072993  8  8  0  I
1.040307151  8  8  1  I
1.155259760  8  8  2  I
1.155260005  8  8  3  I
1.155270828  8  8  4  I
1.435715920  8  8  5  I
1.467836034  8  8  6  I
1.467836133  8  8  0  I
1.518193945  8  8  1  I
1.630144357  8  8  2  I
1.630144502  8  8  4  I
1.810964693  8  8  5  I
1.835083251  8  8  6  I
1.835083336  8  8  0  I
1.882326748  8  8  1  I
1.964034937  8  8  2  I
1.964035113  8  8  4  I
2.259872793  8  8  5  I
2.271021860  8  8  6  I
2.271021967  8  8  0  I
2.283084083  8  8  1  I
2.434345193  8  8  2  I
2.434345254  8  8  3  I
2.434345813  8  8  4  I
2.652107560  8  8  5  I
2.696399386  8  8  6  I
2.696399499  8  8  0  I
2.708520853  8  8  1  I
2.817412625  8  8  2  I
2.817412794  8  8  4  I
3.088968509  8  8  5  I
3.125084612  8  8  6  I
3.125084720  8  8  0  I
3.169384307  8  8  1  I
3.272795628  8  8  2  I
3.272795822  8  8  4  I
3.389075774  8  8  5  I
3.407723325  8  8  6  I
3.407723440  8  8  0  I
3.428366214  8  8  1  I
3.461817606  8  8  2  I
3.461817721  8  8  4  I
3.603671358  8  8  5  I
3.620892497  8  8  6  I
3.620892585  8  8  0  I
0.000099402  10  10  0  K
0.039632087  10  10  1  K
0.269399317  10  10  2  K
0.269399505  10  10  4  K
0.581069001  10  10  5  K
0.628426644  10  10  6  K
0.628426725  10  10  0  K
0.647698874  10  10  1  K
0.697130013  10  10  2  K
0.697130136  10  10  3  K
0.697130485  10  10  4  K
1.055436905  10  10  5  K
1.069712605  10  10  6  K
1.069712701  10  10  0  K
1.102918712  10  10  1  K
1.155259738  10  10  2  K
1.155259845  10  10  3  K
1.155270867  10  10  4  K
1.492077856  10  10  5  K
1.530401876  10  10  6  K
1.530401979  10  10  0  K
1.562813360  10  10  1  K
1.630144330  10  10  2  K
1.630144423  10  10  3  K
1.630144573  10  10  4  K
1.850146927  10  10  5  K
1.887122663  10  10  6  K
1.887122756  10  10  0  K
1.917342782  10  10  1  K
1.964034899  10  10  2  K
1.964035004  10  10  4  K
2.316326675  10  10  5  K
2.344448013  10  10  6  K
2.344448097  10  10  0  K
2.380982878  10  10  1  K
2.434345638  10  10  2  K
2.434345760  10  10  4  K
2.727640512  10  10  5  K
2.758821453  10  10  6  K
2.758821551  10  10  0  K
2.778049749  10  10  1  K
2.817412768  10  10  2  K
2.817412921  10  10  4  K
3.165292371  10  10  5  K
3.190503275  10  10  6  K
3.190503346  10  10  0  K
3.230619507  10  10  1  K
3.272795626  10  10  2  K
3.272795749  10  10  4  K
3.407723545  10  10  5  K
3.433573773  10  10  6  K
3.433573871  10  10  0  K
3.459692367  10  10  1  K
3.461817623  10  10  2  K
3.461817833  10  10  4  K
3.620892690  10  10  5  K
3.637057492  10  10  6  K
3.637057589  10  10  0  K
0.000052850  0  0  0  A
0.047943116  0  0  1  A
0.269399311  0  0  2  A
0.269399562  0  0  4  A
0.269399648  0  0  5  A
0.299063094  0  0  6  A
0.299063203  0  0  0  A
0.339297306  0  0  1  A
0.697130281  0  0  2  A
0.697130408  0  0  4  A
0.697130458  0  0  5  A
0.725246645  0  0  6  A
0.725246760  0  0  0  A
0.765308109  0  0  1  A
1.155259727  0  0  2  A
1.155259885  0  0  3  A
1.155270792  0  0  4  A
1.155270849  0  0  5  A
1.200659233  0  0  6  A
1.200659376  0  0  0  A
1.233920768  0  0  1  A
1.630144352  0  0  2  A
1.630144444  0  0  3  A
1.630144565  0  0  4  A
1.630144652  0  0  5  A
1.642381494  0  0  6  A
1.642381621  0  0  0  A
1.653502470  0  0  1  A
1.964034919  0  0  2  A
1.964035152  0  0  4  A
1.964035213  0  0  5  A
2.013275458  0  0  6  A
2.013275555  0  0  0  A
2.061633468  0  0  1  A
2.434345632  0  0  2  A
2.434345762  0  0  4  A
2.434345817  0  0  5  A
2.460546884  0  0  6  A
2.460546998  0  0  0  A
2.487843238  0  0  1  A
2.817412646  0  0  2  A
2.817412793  0  0  4  A
2.817412959  0  0  5  A
2.838559859  0  0  6  A
2.838559967  0  0  0  A
2.860796056  0  0  1  A
3.272795536  0  0  2  A
3.272795679  0  0  4  A
3.272795721  0  0  5  A
3.304203775  0  0  6  A
3.304203878  0  0  0  A
3.324293182  0  0  1  A
3.461817655  0  0  2  A
3.461817876  0  0  4  A
3.461817944  0  0  5  A
3.508116705  0  0  6  A
3.508116826  0  0  0  A
3.523231492  0  0  1  A
3.695397412  0  0  2  A
3.695397502  0  0  4  A
3.695397541  0  0  5  A
3.731600332  0  0  6  A
3.731600446  0  0  0  A
0.000063414  1  1  0  B
0.035332490  1  1  1  B
0.035393324  1  1  2  B
0.035393394  1  1  3  B
0.035393816  1  1  4  B
0.035393884  1  1  5  B
0.062231562  1  1  6  B
0.062231696  1  1  0  B
0.088269562  1  1  1  B
0.269399309  1  1  2  B
0.269399593  1  1  4  B
0.299063336  1  1  5  B
0.334180639  1  1  6  B
0.334180779  1  1  0  B
0.367528522  1  1  1  B
0.697130028  1  1  2  B
0.697130118  1  1  3  B
0.697130483  1  1  4  B
0.725246932  1  1  5  B
0.768425855  1  1  6  B
0.768425976  1  1  0  B
0.788639212  1  1  1  B
1.155259706  1  1  2  B
1.155259979  1  1  3  B
1.155270819  1  1  4  B
1.200659461  1  1  5  B
1.226805365  1  1  6  B
1.226805495  1  1  0  B
1.262184180  1  1  1  B
1.630144336  1  1  2  B
1.630144616  1  1  4  B
1.642381700  1  1  5  B
1.664629646  1  1  6  B
1.664629770  1  1  0  B
1.685747620  1  1  1  B
1.964034918  1  1  2  B
1.964035149  1  1  4  B
2.013275722  1  1  5  B
2.033391629  1  1  6  B
2.033391723  1  1  0  B
2.054506649  1  1  1  B
2.434345239  1  1  2  B
2.434345434  1  1  3  B
2.434345832  1  1  4  B
2.460547089  1  1  5  B
2.481693967  1  1  6  B
2.481694091  1  1  0  B
2.498966178  1  1  1  B
2.817412627  1  1  2  B
2.817412777  1  1  4  B
2.838560048  1  1  5  B
2.887925934  1  1  6  B
2.887926031  1  1  0  B
2.926224464  1  1  1  B
3.272795627  1  1  2  B
3.272795752  1  1  4  B
3.304204017  1  1  5  B
3.326410677  1  1  6  B
3.326410781  1  1  0  B
3.369707594  1  1  1  B
3.461817646  1  1  2  B
3.461817761  1  1  4  B
3.508116952  1  1  5  B
3.543379844  1  1  6  B
3.543379961  1  1  0  B
3.577553990  1  1  1  B
3.695397410  1  1  2  B
3.695397513  1  1  4  B
3.731600575  1  1  5  B
3.776895986  1  1  6  B
3.776896128  1  1  0  B
0.000082622  4  4  0  E
0.036454594  4  4  1  E
0.269399322  4  4  2  E
0.269399636  4  4  4  E
0.386655071  4  4  5  E
0.430442291  4  4  6  E
0.430442393  4  4  0  E
0.472023784  4  4  1  E
0.697130026  4  4  2  E
0.697130119  4  4  3  E
0.697130481  4  4  4  E
0.831993351  4  4  5  E
0.863233165  4  4  6  E
0.863233275  4  4  0  E
0.885349127  4  4  1  E
1.155259762  4  4  2  E
1.155260033  4  4  3  E
1.155270835  4  4  4  E
1.271419376  4  4  5  E
1.312674603  4  4  6  E
1.312674732  4  4  0  E
1.345737088  4  4  1  E
1.630144304  4  4  2  E
1.630144472  4  4  4  E
1.703961729  4  4  5  E
1.728076381  4  4  6  E
1.728076476  4  4  0  E
1.768726489  4  4  1  E
1.964034885  4  4  2  E
1.964035043  4  4  4  E
2.128956541  4  4  5  E
2.158070371  4  4  6  E
2.158070501  4  4  0  E
2.192458457  4  4  1  E
2.434345230  4  4  2  E
2.434345311  4  4  3  E
2.434345843  4  4  4  E
2.539202641  4  4  5  E
2.584501554  4  4  6  E
2.584501647  4  4  0  E
2.620728627  4  4  1  E
2.817412797  4  4  2  E
2.817413009  4  4  4  E
2.959345167  4  4  5  E
3.003463182  4  4  6  E
3.003463302  4  4  0  E
3.043580451  4  4  1  E
3.272795790  4  4  2  E
3.272795913  4  4  4  E
3.326410973  4  4  5  E
3.358528203  4  4  6  E
3.358528290  4  4  0  E
3.368586947  4  4  1  E
3.461817651  4  4  2  E
3.461817788  4  4  4  E
3.543380117  4  4  5  E
3.573441410  4  4  6  E
3.573441500  4  4  0  E
3.617786921  4  4  1  E
3.695397280  4  4  2  E
3.695397377  4  4  4  E
3.776896246  4  4  5  E
3.804049069  4  4  6  E
3.804049172  4  4  0  E
0.000113323  11  11  0  L
0.032009881  11  11  1  L
0.035393327  11  11  2  L
0.035393456  11  11  3  L
0.035393824  11  11  4  L
0.133898304  11  11  5  L
0.158727361  11  11  6  L
0.158727465  11  11  0  L
0.175423577  11  11  1  L
0.269399277  11  11  2  L
0.269399490  11  11  4  L
0.628426891  11  11  5  L
0.641570796  11  11  6  L
0.641570874  11  11  0  L
0.680893733  11  11  1  L
0.697130353  11  11  2  L
0.697130559  11  11  4  L
1.069712815  11  11  5  L
1.101829514  11  11  6  L
1.101829601  11  11  0  L
1.123037982  11  11  1  L
1.155259806  11  11  2  L
1.155259959  11  11  3  L
1.155270815  11  11  4  L
1.530402084  11  11  5  L
1.551696802  11  11  6  L
1.551696916  11  11  0  L
1.576961613  11  11  1  L
1.630144328  11  11  2  L
1.630144542  11  11  4  L
1.887122938  11  11  5  L
1.923794699  11  11  6  L
1.923794787  11  11  0  L
1.949911877  11  11  1  L
1.964034870  11  11  2  L
1.964034986  11  11  4  L
2.344448237  11  11  5  L
2.366628148  11  11  6  L
2.366628223  11  11  0  L
2.378742631  11  11  1  L
2.434345181  11  11  2  L
2.434345277  11  11  3  L
2.434345845  11  11  4  L
2.758821684  11  11  5  L
2.772936748  11  11  6  L
2.772936819  11  11  0  L
2.812288318  11  11  1  L
2.817412659  11  11  2  L
2.817412811  11  11  4  L
3.190503526  11  11  5  L
3.237735070  11  11  6  L
3.237735156  11  11  0  L
3.280970524  11  11  1  L
3.461817616  11  11  2  L
3.461817726  11  11  4  L
3.637057732  11  11  5  L
3.666227329  11  11  6  L
3.666227425  11  11  0  L
3.698483225  11  11  1  L
3.836193600  11  11  2  L
3.836193684  11  11  4  L
3.836193761  11  11  5  L
3.849363608  11  11  6  L
3.849363706  11  11  0  L
3.861525967  11  11  1  L
3.885929215  11  11  2  L
3.885929304  11  11  4  L
3.885929366  11  11  5  L
3.920253164  11  11  6  L
3.920253274  11  11  0  L
3.935431515  11  11  1  L
3.959625807  11  11  2  L
3.959625883  11  11  4  L
3.959625944  11  11  5  L
3.987788981  11  11  6  L
3.987789082  11  11  0  L
0.000126514  13  13  0  N
0.015426114  13  13  1  N
0.035393428  13  13  2  N
0.035393565  13  13  3  N
0.035393836  13  13  4  N
0.178543821  13  13  5  N
0.216661030  13  13  6  N
0.216661140  13  13  0  N
0.244869887  13  13  1  N
0.269399354  13  13  2  N
0.269399460  13  13  4  N
0.667817869  13  13  5  N
0.697129851  13  13  6  N
0.697129921  13  13  0  N
0.725248903  13  13  1  N
1.155259832  13  13  2  N
1.155259981  13  13  3  N
1.155270813  13  13  4  N
1.586082660  13  13  5  N
1.630144143  13  13  6  N
1.630144209  13  13  0  N
1.653497183  13  13  1  N
1.964034910  13  13  2  N
1.964035138  13  13  4  N
2.386104676  13  13  5  N
2.434345007  13  13  6  N
2.434345087  13  13  0  N
2.459457760  13  13  1  N
2.817412633  13  13  2  N
2.817412832  13  13  4  N
3.237735316  13  13  5  N
3.272795398  13  13  6  N
3.272795462  13  13  0  N
3.286938057  13  13  1  N
3.461817763  13  13  2  N
3.461817904  13  13  4  N
3.666227557  13  13  5  N
3.695397108  13  13  6  N
3.695397202  13  13  0  N
3.740776917  13  13  1  N
3.836193635  13  13  2  N
3.836193714  13  13  4  N
3.849363832  13  13  5  N
3.885929008  13  13  6  N
3.885929119  13  13  0  N
3.909077071  13  13  1  N
3.959625855  13  13  2  N
3.959625940  13  13  4  N
3.987789171  13  13  5  N
4.005201710  13  13  6  N
4.005201805  13  13  0  N
0.000035286  14  14  0  O
0.025808278  14  14  1  O
0.035393640  14  14  2  O
0.035393753  14  14  4  O
0.216661340  14  14  5  O
0.269399093  14  14  6  O
0.269399184  14  14  0  O
0.282946579  14  14  1  O
0.697130280  14  14  2  O
0.697130398  14  14  4  O
1.126155664  14  14  5  O
1.155259512  14  14  6  O
1.155259600  14  14  0  O
1.193539485  14  14  1  O
1.630144357  14  14  2  O
1.630144622  14  14  4  O
1.923794986  14  14  5  O
1.964034683  14  14  6  O
1.964034771  14  14  0  O
1.982151422  14  14  1  O
2.434345261  14  14  2  O
2.434345325  14  14  3  O
2.434345959  14  14  4  O
2.801169854  14  14  5  O
2.817412413  14  14  6  O
2.817412490  14  14  0  O
2.852677360  14  14  1  O
3.272795650  14  14  2  O
3.272795840  14  14  4  O
3.433574050  14  14  5  O
3.461817420  14  14  6  O
3.461817496  14  14  0  O
3.478970314  14  14  1  O
3.695397399  14  14  2  O
3.695397487  14  14  4  O
3.804049367  14  14  5  O
3.836193343  14  14  6  O
3.836193430  14  14  0  O
3.872731495  14  14  1  O
3.885929187  14  14  2  O
3.885929270  14  14  4  O
3.920253401  14  14  5  O
3.959625645  14  14  6  O
3.959625717  14  14  0  O
3.990001911  14  14  1  O
4.005246151  14  14  2  O
4.005246228  14  14  4  O
4.005246287  14  14  5  O
4.026413957  14  14  6  O
4.026414037  14  14  0  O
4.039869161  14  14  1  O
4.039869872  14  14  2  O
4.039870303  14  14  4  O
4.039870704  14  14  5  O
4.070132340  14  14  6  O
4.070132831  14  14  0  O
4.112352533  14  14  1  O
4.112353059  14  14  2  O
4.112353416  14  14  4  O
4.112353744  14  14  5  O
4.150580822  14  14  6  O
4.150580918  14  14  0  O
4.193807426  14  14  1  O
4.193807739  14  14  2  O
4.193807943  14  14  4  O
4.193808137  14  14  5  O
4.232025508  14  14  6  O
4.232025963  14  14  0  O
-1 15 15 7 LOCAL_SECTION;ENTRY_PROTOCOL_1;ENTRY_PROTOCOL_2;ENTRY_PROTOCOL_3;ENTRY_PROTOCOL_4;CRITICAL_SECTION;EXIT_PROTOCOL;EXTRA_LABEL;