4950 21
19900 164
44850 227
79800 282
124750 447
179700 545
244650 711
319600 956
404550 1170
499500 1440
604450 1743
719400 2072
844350 2420
979300 2815
1124250 3230
1279200 3734
1444150 4230
1619100 4676
1804050 5179
1999000 5703
2203950 6303
2418900 6931
2643850 7550
2878800 8214
3123750 8925
3378700 9658
3643650 10379
3918600 11150
4203550 11984
4498500 12820
4803450 13683
5118400 14596
5443350 15492
5778300 16462
6123250 19808
6478200 20024
6843150 19997
7218100 22401
7603050 22775
7998000 23318
8402950 24954
8817900 25547
9242850 26387
9677800 27918
10122750 30718
10577700 30857
11042650 31617
11517600 32912
12002550 34358
12497500 35750
13002450 37205
13517400 38663
14042350 40106
14577300 41693
15122250 43297
15677200 44862
16242150 46390
16817100 48960
17402050 50235
17997000 51910
18601950 53576
19216900 55406
19841850 57223
20476800 59070
21121750 60874
21776700 62634
22441650 67884
23116600 69856
23801550 70594
24496500 72943
25201450 72968
25916400 74055
26641350 76119
27376300 78200
28121250 80313
28876200 83215
29641150 84629
30416100 86776
31201050 89153
31996000 91295
32800950 93603
33615900 95956
34440850 98241
35275800 100663
36120750 103104
36975700 105472
37840650 107915
38715600 110515
39600550 112946
40495500 115529
41400450 118085
42315400 120755
43240350 123439
44175300 125919
45120250 128609
46075200 131227
47040150 134085
48015100 136813
49000050 139635
49995000 142477
