609 35
1448 29
2395 48
3415 78
4441 93
5520 123
6658 120
7765 135
9017 173
10204 259
11330 225
12596 213
13750 233
14934 253
16275 274
17560 306
18834 336
20175 344
21461 356
23010 379
24114 400
25336 418
26672 446
28085 459
29361 754
30739 531
32193 535
33354 545
34822 574
36261 594
37653 615
39095 701
40395 666
41993 685
43409 981
44624 764
45952 773
47627 763
48955 792
50433 831
51760 857
53260 865
54943 878
56711 932
57681 955
59069 957
60423 977
62152 997
63728 1021
64623 1044
66248 1079
67669 1088
69750 1107
71051 1144
73052 1197
74332 1223
75215 1213
77419 1228
78440 1257
79689 1271
81675 1304
83421 1317
84195 1347
85149 1371
87403 1390
89056 1415
90711 1439
92262 1465
93658 1483
95198 1512
97119 1541
98604 1559
100538 1589
101306 1597
101892 1616
103930 1650
105553 1673
108048 1704
109414 1730
110701 1745
112495 1770
112805 1787
114431 1818
117623 1842
118882 1869
121007 1881
121961 1916
123177 1939
124857 1962
127222 1991
127638 2021
129553 2053
130851 2055
133470 2084
134125 2103
136306 2132
137184 2154
138993 2189
139967 2206
142616 2223
