5148 58
20298 128
45448 282
80598 418
125748 423
180898 634
246048 887
321198 1087
406348 1336
501498 1488
606648 1769
721798 2258
846948 2578
982098 2962
1127248 3065
1282398 3506
1447548 3844
1622698 4321
1807848 4864
2002998 5381
2208148 6008
2423298 6536
2648448 7069
2883598 7915
3128748 9124
3383898 10121
3649048 10533
3924198 12255
4209348 12148
4504498 13272
4809648 14809
5124798 15023
5449948 15281
5785098 16808
6130248 16785
6485398 17194
6850548 19780
7225698 21177
7610848 21325
8005998 21456
8411148 23213
8826298 24532
9251448 25261
9686598 26531
10131748 28658
10586898 29121
11052048 31554
11527198 35627
12012348 34365
12507498 36495
13012648 34951
13527798 37084
14052948 40056
14588098 42623
15133248 42820
15688398 42915
16253548 47178
16828698 47834
17413848 51441
18008998 54920
18614148 53621
19229298 57086
19854448 58766
20489598 59546
21134748 66993
21789898 63700
22455048 64811
23130198 63456
23815348 68043
24510498 68556
25215648 70809
25930798 74788
26655948 76053
27391098 77787
28136248 75410
28891398 83116
29656548 86587
30431698 91047
31216848 89448
32011998 94804
32817148 95986
33632298 99898
34457448 103078
35292598 102014
36137748 99597
36992898 98818
37858048 104130
38733198 107981
39618348 112965
40513498 113687
41418648 120247
42333798 117727
43258948 122984
44194098 122625
45139248 121519
46094398 129580
47059548 129147
48034698 137082
49019848 139737
50014998 137653
