1049 41
2387 80
3870 56
5345 77
6989 95
8643 118
10270 119
11999 133
13810 159
15453 171
17301 191
18986 208
20872 229
22918 249
24756 267
26546 285
28501 317
30338 327
32484 390
34400 423
35908 443
38167 469
39868 494
42083 515
44168 618
45920 611
48353 731
50266 648
52035 683
54577 703
55950 766
58041 724
59866 788
61807 704
64587 706
66502 714
68391 750
70781 752
72861 804
75037 799
76909 822
79538 865
81142 872
83279 929
85736 924
87593 938
89964 998
91176 980
94594 1065
96167 1163
98434 1164
100145 1110
102946 1116
104716 1117
106832 1159
109041 1259
110395 1252
113696 1280
115965 1442
117425 1345
120073 1442
121971 1347
124903 1387
127286 1367
128810 1383
130807 1425
133850 1520
135680 1473
137974 1442
139631 1563
142232 1553
144259 1622
146980 1528
148955 1558
151202 1609
153920 1591
155792 1663
158664 1739
159812 1822
162043 1867
165353 1826
167683 1792
169921 1762
171789 1815
174451 1830
176113 1832
178633 1849
180597 1837
183674 1869
184205 1875
186976 1907
189808 1926
191544 1945
194759 1974
197013 1991
198862 2013
201206 2090
203765 2119
205097 2201
208942 2164
