2853 100
7016 149
12127 173
16569 208
22068 269
28579 362
33468 411
40198 488
47801 575
52337 627
57541 683
65030 773
71102 828
77663 914
85256 997
93622 1111
101058 1207
109246 1330
114180 1369
119615 1437
127593 1522
135554 1617
143306 1729
151477 1783
158746 1897
168681 2294
177543 2404
182798 2238
186555 2621
196354 2630
202151 2393
208184 2453
215707 2564
219774 2697
229377 2704
242305 2895
249652 2929
255194 3016
263775 3078
273430 3164
277433 3379
287450 3356
293315 3775
303145 3608
313734 3733
322215 3810
325708 3809
343795 3982
352725 4117
361194 4219
369830 4310
375919 4465
387828 4636
397187 4694
402367 4729
404546 4754
416089 4916
425912 5055
430914 5020
438813 5197
441160 5236
453289 5383
465132 5671
471783 5743
478259 5732
493880 6005
501319 6088
508192 6307
519089 6228
525596 6331
536494 6510
549949 6840
559102 6781
557130 6702
574175 6684
587665 6836
594718 6924
609871 7118
612781 7742
633628 7348
639689 7543
643020 7580
639051 7582
656806 7837
665350 8111
671471 7908
672786 7841
678479 7912
688532 8360
709449 8291
713315 8230
713979 8216
728906 8379
733385 8426
735910 8379
753717 8610
755524 8652
771728 8831
775871 8855
786211 8936
