3174 156
7909 156
13578 211
18869 286
25341 373
32191 477
38530 547
46067 711
53699 862
59886 959
66593 1068
74378 1378
82186 1356
90128 1452
98417 1538
106812 1540
115626 1624
123543 1833
131203 1886
138421 1966
147285 2034
156746 2157
166011 2278
174781 2387
183940 2516
193559 2665
202731 2767
209572 2873
217665 2957
226297 3061
234263 3162
242706 3268
250975 3364
258180 3457
268183 3601
278828 3752
288973 3892
297639 3986
307478 4069
316818 4180
326026 4305
336225 4458
345445 4580
355444 4718
365917 4898
375048 4994
383753 5169
395424 5266
407157 5429
417142 5575
427050 5707
436043 5844
446693 5996
456041 6131
465299 6246
472980 6334
483500 6501
491583 6571
501663 6692
509555 6813
518830 6959
528974 7018
541937 7188
551081 7302
561998 7458
574645 7629
586663 7863
596054 7980
607424 8072
616401 8157
627412 8324
637524 8485
648679 8632
657008 8647
670676 8839
681661 9002
693225 9178
704607 9265
716183 9414
727674 9576
735984 9690
745309 9816
752186 9900
763121 10050
774063 10201
783238 10285
791301 10386
799903 10629
810190 10584
822325 10753
832170 10854
840204 10944
851842 11093
861344 11192
871554 11343
881882 11456
892577 11602
903349 11869
910183 11805
919110 11937
