2382 45
6137 116
10443 186
15151 241
20060 330
25131 411
30964 472
36248 553
41999 678
47890 724
53471 783
59462 878
66648 975
72659 1296
78778 1122
85151 1237
91543 1343
98454 1442
105122 1535
111411 1590
117970 1939
124719 2057
131087 2106
138051 2212
146159 2064
154399 2121
161561 2263
167467 2453
174390 2805
181795 2916
189766 2822
196378 2740
203719 3112
211027 3410
218466 3187
225494 3139
233552 3354
241544 3841
249345 3407
255532 3757
263626 3635
270285 3719
278738 3796
285639 3882
293733 3980
300438 4126
308782 4342
316353 4351
325365 4434
333704 4526
343092 4724
351385 4781
361260 4927
368806 5020
375724 5134
382685 5251
390935 5340
397577 5397
405842 5505
413768 5629
422269 5738
431050 5844
439495 5993
446047 6103
455450 6187
462720 6339
470126 6491
478448 6627
488081 6668
495940 6806
504621 6904
511916 6953
521495 7097
530334 7197
538538 7302
544197 7389
555690 7545
563189 7768
572247 7725
578387 7800
587373 7903
595928 8024
603602 8135
611612 8295
621065 8354
629232 8463
638785 8515
644499 8813
654816 8829
661878 8850
671986 8949
678430 9028
687243 9208
696193 9270
705611 9379
711687 9454
724039 9622
732252 9799
741070 9951
751742 9998
