2053 74
5296 112
8448 124
13053 193
16435 209
20676 263
25013 331
31196 418
33281 423
39444 519
42667 557
49021 612
55793 695
59001 758
60788 778
72762 931
69765 872
78590 944
84075 1018
92112 1118
92526 1121
99734 1204
100987 1203
113492 1359
113557 1356
129212 1558
130962 1575
136446 1696
140344 1692
141537 1662
145567 1814
166344 2330
155451 2152
162255 2084
172198 2120
181232 2148
183075 2169
193618 2427
197013 2710
210934 2894
201811 2576
213570 2480
213724 2488
228172 2730
233897 2765
232899 2666
228899 2943
258831 3027
241889 2795
261339 3035
276073 3271
293147 3487
286831 3385
297631 3539
286723 3456
310110 3674
300356 3551
320663 3854
313339 3686
323214 3751
332884 3900
332398 3895
335700 3979
374419 4454
349349 4245
356627 4232
367675 4359
370445 4361
371840 4377
391443 4597
390390 4573
410201 4766
390477 4578
416291 4851
414310 4933
438408 5121
447939 5206
447113 5166
432296 4974
475692 5489
431811 5021
459757 5397
472532 5451
483192 5569
465926 5565
485708 5762
479030 6495
515177 6084
497515 6133
530005 6432
523202 6489
527081 6133
529229 6432
520222 6302
523388 6413
582112 7157
540825 6348
552083 6480
574332 6581
590887 6817
