-1 65 15 15
0.000199 8 9 8 I
0.033254 8 8 8 I
0.172205 8 8 8 i
0.000276 11 7 7 L
0.031126 11 8 7 L
0.177988 11 8 7 l
0.000123 0 3 14 A
0.048012 0 3 13 A
0.093780 0 2 13 A
0.114044 0 3 13 A
0.234706 0 3 13 a
0.000140 5 3 13 F
0.045396 5 2 13 F
0.093778 5 1 13 F
0.132153 5 2 13 F
0.268370 5 2 13 f
0.000265 10 0 12 K
0.044975 10 0 13 K
0.091786 10 14 13 K
0.135215 10 0 13 K
0.146206 10 0 12 K
0.183494 10 0 11 K
0.199296 10 1 11 K
0.219990 10 2 11 K
0.254503 10 2 10 K
0.273341 10 2 11 K
0.288050 10 1 11 K
0.000301 14 3 0 O
0.012417 14 4 0 O
0.039648 14 4 14 O
0.062070 14 4 0 O
0.110786 14 3 0 O
0.142253 14 2 0 O
0.186904 14 2 14 O
0.320277 14 2 14 o
0.050426 15 0 4 0
0.350490 15 15 15 0
0.100476 16 12 11 1
0.400614 16 15 15 1
0.000141 2 1 12 C
0.044847 2 1 13 C
0.093776 2 1 14 C
0.126932 2 1 0 C
0.165041 2 1 14 C
0.214372 2 1 0 C
0.250612 2 1 1 C
0.281421 2 2 1 C
0.407902 2 2 1 c
0.000196 7 9 3 H
0.019371 7 8 3 H
0.044673 7 8 4 H
0.064793 7 9 4 H
0.112236 7 9 3 H
0.144576 7 9 4 H
0.157716 7 10 4 H
0.187999 7 10 3 H
0.237106 7 11 3 H
0.257465 7 10 3 H
0.278791 7 10 2 H
0.411423 7 10 2 h
0.000267 9 11 6 J
0.028625 9 10 6 J
0.076948 9 11 6 J
0.099028 9 11 7 J
0.128660 9 11 8 J
0.149116 9 11 7 J
0.177522 9 11 6 J
0.190177 9 11 5 J
0.212537 9 12 5 J
0.249668 9 11 5 J
0.260107 9 11 4 J
0.275114 9 11 3 J
0.285704 9 11 2 J
0.415618 9 11 2 j
0.000102 1 1 1 B
0.014718 1 2 1 B
0.041113 1 3 1 B
0.075314 1 3 2 B
0.110343 1 2 2 B
0.154832 1 2 3 B
0.189791 1 2 2 B
0.236951 1 2 1 B
0.281419 1 3 1 B
0.417262 1 3 1 b
0.150415 17 13 6 2
0.450554 17 15 15 2
0.200406 18 7 4 3
0.500553 18 15 15 3
0.250451 19 10 2 4
0.278789 19 10 1 4
0.550531 19 15 15 4
0.300413 20 4 11 5
0.600488 20 15 15 5
0.000299 13 1 2 N
0.015922 13 1 1 N
0.053621 13 1 2 N
0.100771 13 1 1 N
0.130099 13 2 1 N
0.172251 13 1 1 N
0.196783 13 0 1 N
0.210306 13 1 1 N
0.224969 13 1 2 N
0.269940 13 2 2 N
0.314446 13 2 3 N
0.359421 13 2 2 N
0.373498 13 3 2 N
0.423247 13 2 2 N
0.460042 13 1 2 N
0.497334 13 1 1 N
0.525570 13 1 2 N
0.548803 13 1 1 N
0.584549 13 0 1 N
0.628490 13 0 0 N
0.350440 21 4 4 6
0.650549 21 15 15 6
0.400460 22 10 6 7
0.700600 22 15 15 7
0.450414 23 1 5 8
0.750541 23 15 15 8
0.500403 24 11 5 9
0.800557 24 15 15 9
0.550462 25 2 12 0
0.850606 25 15 15 0
0.600466 26 0 0 1
0.628489 26 0 14 1
0.900559 26 15 15 1
0.650425 27 7 6 2
0.950487 27 15 15 2
0.700471 28 6 2 3
1.000591 28 15 15 3
0.750462 29 9 12 4
0.909082 29 9 11 4
1.000588 29 9 10 4
1.050566 29 15 15 4
0.800462 30 4 9 5
1.100553 30 15 15 5
0.850472 31 9 6 6
1.150520 31 15 15 6
0.900452 32 9 7 7
1.200558 32 15 15 7
0.950463 33 4 4 8
1.250577 33 15 15 8
0.000268 12 12 9 M
0.036175 12 13 9 M
0.067042 12 14 9 M
0.096780 12 13 9 M
0.133361 12 14 9 M
0.155464 12 13 9 M
0.178394 12 13 10 M
0.226345 12 14 10 M
0.266964 12 14 9 M
0.277947 12 14 10 M
0.327706 12 14 11 M
0.366707 12 13 11 M
0.413039 12 14 11 M
0.432092 12 14 10 M
0.466040 12 14 9 M
0.492383 12 0 9 M
0.536326 12 0 10 M
0.556750 12 14 10 M
0.567632 12 0 10 M
0.579857 12 1 10 M
0.590747 12 0 10 M
0.606912 12 14 10 M
0.635603 12 0 10 M
0.678443 12 1 10 M
0.713834 12 2 10 M
0.743853 12 1 10 M
0.792893 12 0 10 M
0.825826 12 0 9 M
0.851438 12 0 10 M
0.899480 12 0 11 M
0.920086 12 0 10 M
0.964914 12 14 10 M
0.993389 12 14 11 M
1.030245 12 0 11 M
1.046138 12 14 11 M
1.060225 12 14 10 M
1.090050 12 14 11 M
1.128296 12 0 11 M
1.253358 12 0 11 m
1.000487 34 1 14 9
1.300580 34 15 15 9
0.000184 6 9 9 G
0.035984 6 8 9 G
0.072396 6 9 9 G
0.085432 6 10 9 G
0.119709 6 11 9 G
0.165605 6 11 10 G
0.186358 6 10 10 G
0.233331 6 10 11 G
0.245250 6 10 10 G
0.269141 6 9 10 G
0.312898 6 9 9 G
0.349436 6 9 10 G
0.389954 6 8 10 G
0.427845 6 8 9 G
0.459219 6 8 10 G
0.496682 6 8 11 G
0.523852 6 8 10 G
0.554945 6 8 11 G
0.580629 6 8 12 G
0.596509 6 8 11 G
0.633611 6 7 11 G
0.655836 6 7 10 G
0.692385 6 7 11 G
0.728576 6 8 11 G
0.770763 6 9 11 G
0.807570 6 9 10 G
0.835959 6 9 9 G
0.864387 6 10 9 G
0.884512 6 9 9 G
0.913371 6 9 8 G
0.940465 6 10 8 G
0.955215 6 10 9 G
0.991110 6 9 9 G
1.025399 6 8 9 G
1.073496 6 9 9 G
1.098644 6 9 10 G
1.129800 6 8 10 G
1.140808 6 8 11 G
1.166169 6 8 10 G
1.183710 6 7 10 G
1.226779 6 8 10 G
1.344160 6 8 10 g
1.050451 35 8 13 0
1.350534 35 15 15 0
0.000134 4 10 14 E
0.048015 4 9 14 E
0.082406 4 10 14 E
0.128735 4 11 14 E
0.167667 4 11 13 E
0.181617 4 11 12 E
0.216805 4 12 12 E
0.261616 4 12 13 E
0.291166 4 12 14 E
0.316694 4 11 14 E
0.349325 4 12 14 E
0.365828 4 13 14 E
0.414525 4 12 14 E
0.430998 4 11 14 E
0.460057 4 10 14 E
0.474258 4 11 14 E
0.487495 4 12 14 E
0.532555 4 12 13 E
0.543507 4 13 13 E
0.572549 4 14 13 E
0.592807 4 14 14 E
0.642621 4 13 14 E
0.666567 4 12 14 E
0.711596 4 12 13 E
0.734897 4 11 13 E
0.775980 4 11 14 E
0.803449 4 10 14 E
0.849750 4 9 14 E
0.894887 4 9 13 E
0.909084 4 9 12 E
0.938296 4 10 12 E
0.964578 4 9 12 E
1.000589 4 9 11 E
1.050433 4 8 11 E
1.100079 4 7 11 E
1.112761 4 7 10 E
1.140819 4 8 10 E
1.161362 4 8 9 E
1.190342 4 7 9 E
1.226782 4 7 10 E
1.354227 4 7 10 e
1.100425 36 4 11 1
1.400496 36 15 15 1
1.150458 37 6 11 2
1.450552 37 15 15 2
1.200432 38 5 8 3
1.500500 38 15 15 3
1.250464 39 9 5 4
1.550526 39 15 15 4
1.300469 40 2 9 5
1.600610 40 15 15 5
1.350471 41 4 2 6
1.650551 41 15 15 6
1.400473 42 13 0 7
1.700586 42 15 15 7
1.450454 43 9 0 8
1.750522 43 15 15 8
1.500473 44 11 3 9
1.800571 44 15 15 9
1.550492 45 5 8 0
1.850560 45 15 15 0
1.600454 46 11 11 1
1.900535 46 15 15 1
1.650474 47 13 3 2
1.950582 47 15 15 2
1.700469 48 14 1 3
2.000578 48 15 15 3
1.750465 49 9 7 4
2.050530 49 15 15 4
0.000147 3 12 8 D
0.036178 3 12 9 D
0.057569 3 12 8 D
0.085619 3 13 8 D
0.098312 3 12 8 D
0.145657 3 12 9 D
0.178396 3 13 9 D
0.195844 3 14 9 D
0.234470 3 13 9 D
0.277949 3 14 9 D
0.290980 3 13 9 D
0.326451 3 12 9 D
0.364010 3 12 8 D
0.395729 3 13 8 D
0.439920 3 14 8 D
0.487497 3 0 8 D
0.531984 3 1 8 D
0.571928 3 1 7 D
0.604334 3 0 7 D
0.642935 3 14 7 D
0.680774 3 13 7 D
0.694157 3 13 6 D
0.713264 3 13 5 D
0.762095 3 12 5 D
0.811791 3 12 6 D
0.858762 3 12 7 D
0.907662 3 13 7 D
0.934563 3 13 8 D
0.947029 3 13 7 D
0.986465 3 13 6 D
1.016693 3 13 5 D
1.055137 3 13 4 D
1.099321 3 12 4 D
1.126258 3 12 3 D
1.154203 3 11 3 D
1.172892 3 10 3 D
1.208003 3 10 4 D
1.245824 3 10 3 D
1.276931 3 9 3 D
1.319022 3 9 2 D
1.357408 3 9 1 D
1.402107 3 9 0 D
1.437102 3 9 14 D
1.469359 3 9 13 D
1.503871 3 8 13 D
1.531251 3 8 14 D
1.556802 3 9 14 D
1.595473 3 9 13 D
1.609510 3 8 13 D
1.657340 3 9 13 D
1.700763 3 9 14 D
1.713541 3 9 13 D
1.736188 3 9 12 D
1.757282 3 10 12 D
1.799101 3 10 11 D
1.809387 3 10 10 D
1.853491 3 10 9 D
1.882144 3 9 9 D
1.896456 3 9 10 D
1.932989 3 9 9 D
1.945767 3 8 9 D
2.087392 3 8 9 d
1.800466 50 10 12 5
2.100580 50 15 15 5
1.850462 51 11 10 6
2.150572 51 15 15 6
1.900461 52 8 5 7
2.200528 52 15 15 7
1.950432 53 8 14 8
2.250527 53 15 15 8
2.000470 54 5 3 9
2.300580 54 15 15 9
2.050488 55 5 0 0
2.350600 55 15 15 0
