9996               1  1  0  B
37271935           1  1  1  B
47880105           1  1  2  B
64197962           1  1  3  B
64198028           1  1  0  B
85014805           1  1  1  B
114585536          1  1  2  B
140037222          1  1  3  B
140037266          1  1  0  B
163885881          1  1  1  B
172470173          1  1  2  B
212570538          1  1  3  B
212570611          1  1  0  B
239423158          1  1  1  B
248471135          1  1  2  B
288815451          1  1  3  B
288815521          1  1  0  B
306567986          1  1  1  B
326754440          1  1  2  B
350544212          1  1  3  B
350544277          1  1  0  B
363464858          1  1  1  B
395724764          1  1  2  B
419914835          1  1  3  B
419914937          1  1  0  B
46347              0  0  0  A
32323610           0  0  1  A
32324160           0  0  2  A
47862330           0  0  3  A
47862420           0  0  0  A
72502116           0  0  1  A
72502206           0  0  2  A
114538501          0  0  3  A
114538585          0  0  0  A
126366216          0  0  1  A
140055279          0  0  2  A
172454544          0  0  3  A
172454628          0  0  0  A
191620094          0  0  1  A
212577266          0  0  2  A
248421796          0  0  3  A
248421865          0  0  0  A
289390897          0  0  1  A
289391003          0  0  2  A
326725088          0  0  3  A
326725172          0  0  0  A
352488132          0  0  1  A
352488216          0  0  2  A
395691288          0  0  3  A
395691367          0  0  0  A
435804463          0  0  1  A
435804563          0  0  2  A
465491716          0  0  3  A
465491996          0  0  0  A
489530368          0  0  1  A
489530878          0  0  2  A
533882229          0  0  3  A
533882645          0  0  0  A
578302101          0  0  1  A
578302521          0  0  2  A
623923228          0  0  3  A
623923642          0  0  0  A
669165195          0  0  1  A
669165604          0  0  2  A
718522544          0  0  3  A
718522956          0  0  0  A
-1 2 2 4 LOCAL_SECTION;ENTRY_PROTOCOL;CRITICAL_SECTION;EXIT_PROTOCOL;ALGORITHM=Dekker;
