-1  15  15  15
 0.000000000  13  13  1  N
 0.001392634  13  14  1  N
 0.021687066  13  14  0  N
 0.038541581  13  14  14  N
 0.050889494  13  14  0  N
 0.097982487  13  14  1  N
 0.139544723  13  0  1  N
 0.170738511  13  1  1  N
 0.185482534  13  1  0  N
 0.210138630  13  1  1  N
 0.241144287  13  1  2  N
 0.263584458  13  1  1  N
 0.283437030  13  1  0  N
 0.306936780  13  1  14  N
 0.336842494  13  2  14  N
 0.364653886  13  2  13  N
 0.000000000  9  7  13  J
 0.001250286  9  7  14  J
 0.041587120  9  6  14  J
 0.056776856  9  5  14  J
 0.070731226  9  4  14  J
 0.115971688  9  4  0  J
 0.140743005  9  3  0  J
 0.185714149  9  2  0  J
 0.214654343  9  2  14  J
 0.237215493  9  2  13  J
 0.262681947  9  1  13  J
 0.309388508  9  1  14  J
 0.342040229  9  0  14  J
 0.373521975  9  0  13  J
 0.410960726  9  1  13  J
 0.000000000  6  10  0  G
 0.001133526  6  10  14  G
 0.027820587  6  10  0  G
 0.047884920  6  11  0  G
 0.066073174  6  10  0  G
 0.077550872  6  11  0  G
 0.117923001  6  10  0  G
 0.155687550  6  10  1  G
 0.192823007  6  9  1  G
 0.230678430  6  9  0  G
 0.262601470  6  10  0  G
 0.309779597  6  10  14  G
 0.352550358  6  10  0  G
 0.376705996  6  9  0  G
 0.417210588  6  10  0  G
 0.459420247  6  11  0  G
 0.485540543  6  11  14  G
 0.000000000  0  5  13  A
 0.000851828  0  6  13  A
 0.020422167  0  5  13  A
 0.054511422  0  5  14  A
 0.080595352  0  6  14  A
 0.113038494  0  5  14  A
 0.158311182  0  5  0  A
 0.175577036  0  6  0  A
 0.216917036  0  5  0  A
 0.241593703  0  4  0  A
 0.264269599  0  3  0  A
 0.295587450  0  2  0  A
 0.306699090  0  2  1  A
 0.323828426  0  3  1  A
 0.354833889  0  2  1  A
 0.384565623  0  1  1  A
 0.434351999  0  1  0  A
 0.473071059  0  2  0  A
 0.507154515  0  2  1  A
 0.530255690  0  2  2  A
 0.554019597  0  2  1  A
 0.567897573  0  3  1  A
 0.000000000  3  12  7  D
 0.001001085  3  11  7  D
 0.014077576  3  11  6  D
 0.030319765  3  11  5  D
 0.072525919  3  12  5  D
 0.099754319  3  12  6  D
 0.133500804  3  12  7  D
 0.144951423  3  11  7  D
 0.179542551  3  11  6  D
 0.193854053  3  12  6  D
 0.218147903  3  12  7  D
 0.261523326  3  13  7  D
 0.294601090  3  13  8  D
 0.313145942  3  13  9  D
 0.357606391  3  14  9  D
 0.388775461  3  14  8  D
 0.430045229  3  14  9  D
 0.450226609  3  14  8  D
 0.465457284  3  14  9  D
 0.509372237  3  0  9  D
 0.529356529  3  1  9  D
 0.554698659  3  2  9  D
 0.578732343  3  3  9  D
 0.599711797  3  3  10  D
 0.000000000  1  11  4  B
 0.000906280  1  12  4  B
 0.012178359  1  12  5  B
 0.052465226  1  11  5  B
 0.074244418  1  12  5  B
 0.088006564  1  11  5  B
 0.135145705  1  11  6  B
 0.153578997  1  10  6  B
 0.187855988  1  9  6  B
 0.227257847  1  9  7  B
 0.242366220  1  9  6  B
 0.286428702  1  8  6  B
 0.329787704  1  8  5  B
 0.364909943  1  9  5  B
 0.401403292  1  9  4  B
 0.436984205  1  9  5  B
 0.464359851  1  9  4  B
 0.498413433  1  10  4  B
 0.525877804  1  10  5  B
 0.562036134  1  9  5  B
 0.577046715  1  10  5  B
 0.593835352  1  10  6  B
 0.620014891  1  10  5  B
 0.632292398  1  10  6  B
 0.651109232  1  10  5  B
 0.661515803  1  10  6  B
 0.692720814  1  10  5  B
 0.000000000  12  12  0  M
 0.001385378  12  13  0  M
 0.021191870  12  13  14  M
 0.059494011  12  13  0  M
 0.072380694  12  12  0  M
 0.108041510  12  12  1  M
 0.127098320  12  13  1  M
 0.138129178  12  13  2  M
 0.175176046  12  12  2  M
 0.202020503  12  11  2  M
 0.222266209  12  10  2  M
 0.238424277  12  10  1  M
 0.269928762  12  11  1  M
 0.308820097  12  11  0  M
 0.333831824  12  11  14  M
 0.362823486  12  12  14  M
 0.395591800  12  13  14  M
 0.417301677  12  12  14  M
 0.429279581  12  13  14  M
 0.473295518  12  13  0  M
 0.519521874  12  13  14  M
 0.563476671  12  13  0  M
 0.583804676  12  13  1  M
 0.598807610  12  13  0  M
 0.618496610  12  12  0  M
 0.654867414  12  13  0  M
 0.694506992  12  14  0  M
 0.711763261  12  14  14  M
 0.745336294  12  14  0  M
 0.792461098  12  14  14  M
 0.835913252  12  14  13  M
 0.851594194  12  13  13  M
 0.896815791  12  12  13  M
 0.000000000  10  2  2  K
 0.001300443  10  3  2  K
 0.030490942  10  4  2  K
 0.075542047  10  5  2  K
 0.088173990  10  4  2  K
 0.136044398  10  4  1  K
 0.175123950  10  5  1  K
 0.216265718  10  5  0  K
 0.260333616  10  5  1  K
 0.294938573  10  5  2  K
 0.330925140  10  5  3  K
 0.375455396  10  4  3  K
 0.386919683  10  3  3  K
 0.403171709  10  4  3  K
 0.425530499  10  3  3  K
 0.462360540  10  2  3  K
 0.501602990  10  1  3  K
 0.521434614  10  0  3  K
 0.570362391  10  14  3  K
 0.600394783  10  14  4  K
 0.631716935  10  0  4  K
 0.678716400  10  1  4  K
 0.721181378  10  1  5  K
 0.770933244  10  0  5  K
 0.805034785  10  14  5  K
 0.849889880  10  0  5  K
 0.887887710  10  14  5  K
 0.937761600  10  0  5  K
 0.978326743  10  14  5  K
 1.027149560  10  0  5  K
 1.055161895  10  0  4  K
 1.093383956  10  0  3  K
 1.106270131  10  1  3  K
 1.152218371  10  2  3  K
 1.181507008  10  3  3  K
 0.000000000  2  1  10  C
 0.000920077  2  1  11  C
 0.026912008  2  1  12  C
 0.037854908  2  1  13  C
 0.081368378  2  2  13  C
 0.102424839  2  1  13  C
 0.124120124  2  1  12  C
 0.170698166  2  2  12  C
 0.194014926  2  1  12  C
 0.220485695  2  1  11  C
 0.241239869  2  2  11  C
 0.260596005  2  1  11  C
 0.305121756  2  2  11  C
 0.351506507  2  1  11  C
 0.374268679  2  2  11  C
 0.402361944  2  2  10  C
 0.421204886  2  2  11  C
 0.468164221  2  2  12  C
 0.507805257  2  3  12  C
 0.538983377  2  3  13  C
 0.569135670  2  4  13  C
 0.585476390  2  5  13  C
 0.605588164  2  6  13  C
 0.653789619  2  6  14  C
 0.672671863  2  6  13  C
 0.705440624  2  6  14  C
 0.720209489  2  6  13  C
 0.766500465  2  6  12  C
 0.803929945  2  5  12  C
 0.847164183  2  6  12  C
 0.860683217  2  6  11  C
 0.887525083  2  6  12  C
 0.901853379  2  6  11  C
 0.918943576  2  6  10  C
 0.961940381  2  7  10  C
 1.008764966  2  7  9  C
 1.026293267  2  8  9  C
 1.075782762  2  8  8  C
 1.115636164  2  9  8  C
 1.133309533  2  10  8  C
 1.163582900  2  10  7  C
 1.208814617  2  11  7  C
 1.221289143  2  11  6  C
 1.242190401  2  10  6  C
 1.273950542  2  9  6  C
 0.000000000  7  2  10  H
 0.001173644  7  1  10  H
 0.027349648  7  1  11  H
 0.067324716  7  0  11  H
 0.081475496  7  1  11  H
 0.114630041  7  1  10  H
 0.157546122  7  0  10  H
 0.196263544  7  14  10  H
 0.237304640  7  14  9  H
 0.278670055  7  13  9  H
 0.322951650  7  13  10  H
 0.354046956  7  12  10  H
 0.394891808  7  13  10  H
 0.430127292  7  12  10  H
 0.450044258  7  12  9  H
 0.495501466  7  12  8  H
 0.511406734  7  12  9  H
 0.542093208  7  12  10  H
 0.581939041  7  12  9  H
 0.605927536  7  13  9  H
 0.621810282  7  14  9  H
 0.650925221  7  14  10  H
 0.677780479  7  0  10  H
 0.721080723  7  14  10  H
 0.741643109  7  14  11  H
 0.779677144  7  14  12  H
 0.821490300  7  14  13  H
 0.870238891  7  14  14  H
 0.894310610  7  14  13  H
 0.934729223  7  14  14  H
 0.972950353  7  13  14  H
 0.988038107  7  12  14  H
 1.037478841  7  12  13  H
 1.079159522  7  12  12  H
 1.117614042  7  12  13  H
 1.166744954  7  13  13  H
 1.189202737  7  12  13  H
 1.221168519  7  11  13  H
 1.261029363  7  11  14  H
 1.307901591  7  10  14  H
 1.338802087  7  11  14  H
 1.379247178  7  12  14  H
 1.389612858  7  12  13  H
 1.401035684  7  13  13  H
 0.000000000  5  11  7  F
 0.001126695  5  11  8  F
 0.013531925  5  10  8  F
 0.040953639  5  11  8  F
 0.069490782  5  11  9  F
 0.118265816  5  11  10  F
 0.130748389  5  11  9  F
 0.157751791  5  11  10  F
 0.206010859  5  12  10  F
 0.255605414  5  11  10  F
 0.299919457  5  11  11  F
 0.321742962  5  10  11  F
 0.337403012  5  11  11  F
 0.376921628  5  12  11  F
 0.401723636  5  12  12  F
 0.413749562  5  13  12  F
 0.458852357  5  13  13  F
 0.501507424  5  13  12  F
 0.527626604  5  13  11  F
 0.563123630  5  12  11  F
 0.576240654  5  11  11  F
 0.620887262  5  10  11  F
 0.659699400  5  11  11  F
 0.699637705  5  11  12  F
 0.740217871  5  11  13  F
 0.784097465  5  10  13  F
 0.816658777  5  9  13  F
 0.848461742  5  9  12  F
 0.860545036  5  8  12  F
 0.871351023  5  7  12  F
 0.906231109  5  7  13  F
 0.926372163  5  7  14  F
 0.941140658  5  6  14  F
 0.955901736  5  5  14  F
 0.991648055  5  5  13  F
 1.009584929  5  5  12  F
 1.031111674  5  6  12  F
 1.077748929  5  5  12  F
 1.099502493  5  6  12  F
 1.128250098  5  6  11  F
 1.143316854  5  6  10  F
 1.183093572  5  6  9  F
 1.202715075  5  7  9  F
 1.228254195  5  7  10  F
 1.251329341  5  7  9  F
 1.300046366  5  8  9  F
 1.336094405  5  8  10  F
 1.356119845  5  8  9  F
 1.388455335  5  8  10  F
 1.405165679  5  7  10  F
 1.451624028  5  6  10  F
 1.485446786  5  6  9  F
 1.502966915  5  6  8  F
 1.539720023  5  6  9  F
 1.554938581  5  6  10  F
 1.573027430  5  7  10  F
 1.617492083  5  6  10  F
 1.632470384  5  6  11  F
 1.656225693  5  5  11  F
 1.691741267  5  4  11  F
 1.702162745  5  3  11  F
 1.737258400  5  2  11  F
 1.751457859  5  3  11  F
 1.784542600  5  2  11  F
 1.830408496  5  2  12  F
 1.868826571  5  1  12  F
 0.000000000  14  6  5  O
 0.001446046  14  6  4  O
 0.046433991  14  5  4  O
 0.065711672  14  5  3  O
 0.088031927  14  4  3  O
 0.108150739  14  5  3  O
 0.126097149  14  5  4  O
 0.169913777  14  5  3  O
 0.204251322  14  4  3  O
 0.253364005  14  5  3  O
 0.301779912  14  4  3  O
 0.326026117  14  3  3  O
 0.339851589  14  2  3  O
 0.365708891  14  3  3  O
 0.395736112  14  2  3  O
 0.414845400  14  2  4  O
 0.444821050  14  2  3  O
 0.479749653  14  2  2  O
 0.521934248  14  1  2  O
 0.562603339  14  1  1  O
 0.597607747  14  0  1  O
 0.627515534  14  1  1  O
 0.664491886  14  0  1  O
 0.712417276  14  14  1  O
 0.726529971  14  14  2  O
 0.758037034  14  0  2  O
 0.790537052  14  0  3  O
 0.803876174  14  0  4  O
 0.815340169  14  0  5  O
 0.853345485  14  0  4  O
 0.897975668  14  0  3  O
 0.908742705  14  1  3  O
 0.951210462  14  2  3  O
 0.978280702  14  2  2  O
 1.019146972  14  2  1  O
 1.059039020  14  2  0  O
 1.087335047  14  1  0  O
 1.125689841  14  1  14  O
 1.162530770  14  2  14  O
 1.185217922  14  2  0  O
 1.206594869  14  3  0  O
 1.220920937  14  3  14  O
 1.259343907  14  4  14  O
 1.305318426  14  3  14  O
 1.332188896  14  2  14  O
 1.367764142  14  1  14  O
 1.406885106  14  2  14  O
 1.448535231  14  1  14  O
 1.478151640  14  1  13  O
 1.502481056  14  1  12  O
 1.535522653  14  1  11  O
 1.546239396  14  1  12  O
 1.588887685  14  2  12  O
 1.619603938  14  1  12  O
 1.649116725  14  1  11  O
 1.665858934  14  2  11  O
 1.689586861  14  1  11  O
 1.708229050  14  1  12  O
 1.736726309  14  0  12  O
 1.782056580  14  0  11  O
 1.794785075  14  1  11  O
 1.834024312  14  2  11  O
 1.879892466  14  3  11  O
 1.916486773  14  3  10  O
 1.958258995  14  3  11  O
 2.001493287  14  3  10  O
 2.044806314  14  3  9  O
 2.060603133  14  4  9  O
 2.074036698  14  5  9  O
 2.122181625  14  4  9  O
 2.144926145  14  3  9  O
 2.165387937  14  2  9  O
 2.212634003  14  2  8  O
 2.240119097  14  3  8  O
 2.286899288  14  4  8  O
 2.336392080  14  4  7  O
 2.359129410  14  4  6  O
 2.387342032  14  4  5  O
 2.418508145  14  4  6  O
 2.432834287  14  5  6  O
 2.462683170  14  5  5  O
 2.511143300  14  5  4  O
 2.539679147  14  5  5  O
 2.581256494  14  5  6  O
 2.606532172  14  5  5  O
 2.640091488  14  5  4  O
 0.000000000  11  9  14  L
 0.001351960  11  8  14  L
 0.017562519  11  7  14  L
 0.066641878  11  6  14  L
 0.084538879  11  5  14  L
 0.100902551  11  5  13  L
 0.128087029  11  4  13  L
 0.163310361  11  5  13  L
 0.184926260  11  6  13  L
 0.214323268  11  6  14  L
 0.236144406  11  7  14  L
 0.280790364  11  7  0  L
 0.311997808  11  7  1  L
 0.345245377  11  8  1  L
 0.357624518  11  7  1  L
 0.400072158  11  8  1  L
 0.422805323  11  8  0  L
 0.456974119  11  8  1  L
 0.470845215  11  7  1  L
 0.495682499  11  8  1  L
 0.542252323  11  8  0  L
 0.564624727  11  8  1  L
 0.609171987  11  8  2  L
 0.633363706  11  9  2  L
 0.682740056  11  8  2  L
 0.728032212  11  8  1  L
 0.764333449  11  8  2  L
 0.782562326  11  7  2  L
 0.811827658  11  7  3  L
 0.825059119  11  8  3  L
 0.856867461  11  8  2  L
 0.884732728  11  9  2  L
 0.921675583  11  9  3  L
 0.959045759  11  9  4  L
 0.987924483  11  9  3  L
 1.019135557  11  9  2  L
 1.066135251  11  9  1  L
 1.096937883  11  8  1  L
 1.136982501  11  8  2  L
 1.158323384  11  9  2  L
 1.177512268  11  9  1  L
 1.188299933  11  9  2  L
 1.233223166  11  9  1  L
 1.276604129  11  10  1  L
 1.286964751  11  10  0  L
 1.306340541  11  11  0  L
 1.333067627  11  11  14  L
 1.379705547  11  12  14  L
 1.415921927  11  12  13  L
 1.444145293  11  12  14  L
 1.483200818  11  11  14  L
 1.530749371  11  10  14  L
 1.571542965  11  11  14  L
 1.621496037  11  12  14  L
 1.639217967  11  13  14  L
 1.657220484  11  12  14  L
 1.690171882  11  12  13  L
 1.731131271  11  12  14  L
 1.758491367  11  12  0  L
 1.771683529  11  13  0  L
 1.811094312  11  12  0  L
 1.824495607  11  12  1  L
 1.845863476  11  13  1  L
 1.886154015  11  14  1  L
 1.910610384  11  13  1  L
 1.957871736  11  13  2  L
 1.998213962  11  14  2  L
 2.017334826  11  0  2  L
 2.028212097  11  0  1  L
 2.047137402  11  1  1  L
 2.061267521  11  1  2  L
 2.087262324  11  0  2  L
 2.137178011  11  1  2  L
 2.160918653  11  1  3  L
 2.204019847  11  1  2  L
 2.235425114  11  1  3  L
 2.262001334  11  2  3  L
 2.309592911  11  1  3  L
 2.351414522  11  0  3  L
 2.391840008  11  14  3  L
 2.421328136  11  0  3  L
 2.442732961  11  0  2  L
 2.475549384  11  0  1  L
 2.524672661  11  0  2  L
 2.558094741  11  1  2  L
 2.583960945  11  0  2  L
 2.631361411  11  14  2  L
 2.673098014  11  14  1  L
 2.719448654  11  13  1  L
 2.748562928  11  14  1  L
 2.767387368  11  14  0  L
 2.816135318  11  13  0  L
 2.849082290  11  13  14  L
 2.860932502  11  13  0  L
 0.000000000  8  3  2  I
 0.001212092  8  3  1  I
 0.046176354  8  4  1  I
 0.069117145  8  4  0  I
 0.090227198  8  5  0  I
 0.114256209  8  4  0  I
 0.147544734  8  3  0  I
 0.161395499  8  2  0  I
 0.178846759  8  2  14  I
 0.218287190  8  2  13  I
 0.262390114  8  2  12  I
 0.309591740  8  2  11  I
 0.335920287  8  1  11  I
 0.348556396  8  2  11  I
 0.397700530  8  2  12  I
 0.419245076  8  2  13  I
 0.462277387  8  3  13  I
 0.485264841  8  2  13  I
 0.507441420  8  2  14  I
 0.545594741  8  2  13  I
 0.559637635  8  1  13  I
 0.573074563  8  0  13  I
 0.608099061  8  1  13  I
 0.626680795  8  1  14  I
 0.657202510  8  0  14  I
 0.677105715  8  0  0  I
 0.711780965  8  1  0  I
 0.740285523  8  2  0  I
 0.778483424  8  1  0  I
 0.799239204  8  1  1  I
 0.822587695  8  0  1  I
 0.852714686  8  0  2  I
 0.893067609  8  1  2  I
 0.920011632  8  1  3  I
 0.933659011  8  2  3  I
 0.979942876  8  2  2  I
 1.023819372  8  3  2  I
 1.072229378  8  2  2  I
 1.108407559  8  3  2  I
 1.137131802  8  3  3  I
 1.159356451  8  3  4  I
 1.192477895  8  4  4  I
 1.225092034  8  5  4  I
 1.252854726  8  4  4  I
 1.296505808  8  3  4  I
 1.335685435  8  3  3  I
 1.365909853  8  3  4  I
 1.408077763  8  3  5  I
 1.418449915  8  2  5  I
 1.432398328  8  2  6  I
 1.445636268  8  3  6  I
 1.481162692  8  3  5  I
 1.527788875  8  3  6  I
 1.573299253  8  3  7  I
 1.601793862  8  2  7  I
 1.646623139  8  2  8  I
 1.673550565  8  2  7  I
 1.720011357  8  2  8  I
 1.738668946  8  3  8  I
 1.782616594  8  3  7  I
 1.818066485  8  4  7  I
 1.841605651  8  4  6  I
 1.880707985  8  4  5  I
 1.919967586  8  5  5  I
 1.959673178  8  6  5  I
 2.002311634  8  5  5  I
 2.016642766  8  5  4  I
 2.031843180  8  5  3  I
 2.046135651  8  5  2  I
 2.063597905  8  6  2  I
 2.084029102  8  7  2  I
 2.117416112  8  7  1  I
 2.135935570  8  7  0  I
 2.156170409  8  7  14  I
 2.172812819  8  7  0  I
 2.206263660  8  6  0  I
 2.219368457  8  5  0  I
 2.236147760  8  6  0  I
 2.249957395  8  6  1  I
 2.290808644  8  6  0  I
 2.328870194  8  7  0  I
 2.362617922  8  8  0  I
 2.412184175  8  8  1  I
 2.458324796  8  8  0  I
 2.492851362  8  9  0  I
 2.518962988  8  8  0  I
 2.559188741  8  8  1  I
 2.601974755  8  7  1  I
 2.626089217  8  6  1  I
 2.654611892  8  6  2  I
 2.695855192  8  7  2  I
 2.737008159  8  8  2  I
 2.766623758  8  9  2  I
 2.802144335  8  8  2  I
 2.823045156  8  8  1  I
 2.865210972  8  7  1  I
 2.906216661  8  8  1  I
 2.941469848  8  8  0  I
 0.000000000  4  8  7  E
 0.001076207  4  9  7  E
 0.030388630  4  9  8  E
 0.051359404  4  9  7  E
 0.098657367  4  10  7  E
 0.124495480  4  11  7  E
 0.166036115  4  12  7  E
 0.215033050  4  12  6  E
 0.233241132  4  13  6  E
 0.267884829  4  14  6  E
 0.312843483  4  0  6  E
 0.328103923  4  1  6  E
 0.370887689  4  2  6  E
 0.408522723  4  2  5  E
 0.452692040  4  3  5  E
 0.486176806  4  3  4  E
 0.522271508  4  4  4  E
 0.541762960  4  5  4  E
 0.579606362  4  4  4  E
 0.604912110  4  3  4  E
 0.624325262  4  3  3  E
 0.652008663  4  4  3  E
 0.693633184  4  3  3  E
 0.723926126  4  2  3  E
 0.763219722  4  2  4  E
 0.786489336  4  3  4  E
 0.801390206  4  2  4  E
 0.820777960  4  2  3  E
 0.856551690  4  2  2  E
 0.871490662  4  1  2  E
 0.919075730  4  1  1  E
 0.947832915  4  0  1  E
 0.995539209  4  0  0  E
 1.026059642  4  14  0  E
 1.070641253  4  0  0  E
 1.099583583  4  1  0  E
 1.140366302  4  2  0  E
 1.189858255  4  2  1  E
 1.216633247  4  3  1  E
 1.265258167  4  4  1  E
 1.309405361  4  3  1  E
 1.329719912  4  4  1  E
 1.376413267  4  5  1  E
 1.415735817  4  6  1  E
 1.445158177  4  7  1  E
 1.463069145  4  7  2  E
 1.486448880  4  7  3  E
 1.529055374  4  7  4  E
 1.565789773  4  7  5  E
 1.578424011  4  7  4  E
 1.598613240  4  6  4  E
 1.621778164  4  7  4  E
 1.659331517  4  7  3  E
 1.676671634  4  8  3  E
 1.695374885  4  9  3  E
 1.733419307  4  8  3  E
 1.755045214  4  9  3  E
 1.790707914  4  9  4  E
 1.825054584  4  9  3  E
 1.854241705  4  10  3  E
 1.887634047  4  10  4  E
 1.903512146  4  11  4  E
 1.939378136  4  11  3  E
 1.972583706  4  11  4  E
 2.012386654  4  12  4  E
 2.050338683  4  13  4  E
 2.074126574  4  14  4  E
 2.104169452  4  0  4  E
 2.125116370  4  0  5  E
 2.147689456  4  14  5  E
 2.179060092  4  14  4  E
 2.199107865  4  13  4  E
 2.239019824  4  13  5  E
 2.250322175  4  13  6  E
 2.272143115  4  12  6  E
 2.316449763  4  11  6  E
 2.358630134  4  11  7  E
 2.386232445  4  11  8  E
 2.430949631  4  12  8  E
 2.458034060  4  13  8  E
 2.498054938  4  13  9  E
 2.527621454  4  12  9  E
 2.538859324  4  11  9  E
 2.556630167  4  11  8  E
 2.604380931  4  12  8  E
 2.653541292  4  12  9  E
 2.690717161  4  12  8  E
 2.701687492  4  12  9  E
 2.717831190  4  12  10  E
 2.732797770  4  11  10  E
 2.746800807  4  11  11  E
 2.769125051  4  12  11  E
 2.817183478  4  12  12  E
 2.856824609  4  13  12  E
 2.901059036  4  14  12  E
 2.948625705  4  14  13  E
 2.964266459  4  14  12  E
 2.998136506  4  0  12  E
 3.021232012  4  1  12  E
 3.044485530  4  0  12  E
