-1 15 15 15
0.000098 3 3 5 D
0.034062 3 2 5 D
0.045584 3 2 6 D
0.084169 3 2 7 D
0.095560 3 2 8 D
0.000164 14 3 10 O
0.041367 14 4 10 O
0.063449 14 3 10 O
0.081192 14 3 9 O
0.110372 14 3 8 O
0.000128 1 2 8 B
0.041037 1 2 9 B
0.063445 1 3 9 B
0.074268 1 3 8 B
0.110368 1 4 8 B
0.157140 1 4 9 B
0.188494 1 5 9 B
0.223556 1 6 9 B
0.000134 9 6 11 J
0.025830 9 5 11 J
0.073940 9 5 12 J
0.105430 9 4 12 J
0.135513 9 5 12 J
0.147542 9 5 11 J
0.166662 9 5 10 J
0.177948 9 5 9 J
0.188490 9 5 8 J
0.224941 9 6 8 J
0.000041 0 6 7 A
0.040414 0 6 8 A
0.055509 0 6 9 A
0.082974 0 6 10 A
0.102625 0 6 9 A
0.115218 0 6 8 A
0.161682 0 7 8 A
0.183004 0 6 8 A
0.224936 0 7 8 A
0.244699 0 7 9 A
0.000131 6 7 8 G
0.043196 6 7 7 G
0.091042 6 7 6 G
0.113027 6 7 7 G
0.131548 6 8 7 G
0.168657 6 9 7 G
0.214160 6 9 6 G
0.226244 6 10 6 G
0.270411 6 9 6 G
0.000130 7 8 6 H
0.024917 7 8 7 H
0.091054 7 7 7 H
0.113022 7 8 7 H
0.128013 7 8 8 H
0.175201 7 8 9 H
0.199647 7 8 8 H
0.218282 7 9 8 H
0.267044 7 9 7 H
0.000123 4 14 9 E
0.020554 4 14 10 E
0.041883 4 14 11 E
0.059351 4 0 11 E
0.092781 4 0 12 E
0.122662 4 0 13 E
0.166178 4 0 14 E
0.216762 4 0 13 E
0.232615 4 1 13 E
0.242917 4 1 14 E
0.282883 4 2 14 E
0.313951 4 2 0 E
0.350527 4 2 1 E
0.383861 4 2 0 E
0.428380 4 1 0 E
0.461298 4 0 0 E
0.511001 4 0 14 E
0.523754 4 0 0 E
0.546666 4 14 0 E
0.560499 4 14 14 E
0.587571 4 14 0 E
0.637041 4 13 0 E
0.656513 4 14 0 E
0.699546 4 0 0 E
0.741575 4 0 14 E
0.000139 10 0 14 K
0.021388 10 0 13 K
0.042827 10 14 13 K
0.092873 10 13 13 K
0.109333 10 13 14 K
0.125030 10 14 14 K
0.143968 10 14 13 K
0.172461 10 0 13 K
0.216759 10 14 13 K
0.232410 10 13 13 K
0.281614 10 14 13 K
0.306446 10 13 13 K
0.333455 10 14 13 K
0.376218 10 14 14 K
0.423828 10 14 13 K
0.448198 10 0 13 K
0.482000 10 0 12 K
0.507226 10 0 13 K
0.529023 10 1 13 K
0.544181 10 1 12 K
0.575231 10 1 13 K
0.616312 10 2 13 K
0.633826 10 2 14 K
0.665051 10 3 14 K
0.711786 10 4 14 K
0.746431 10 4 0 K
0.761281 10 4 14 K
0.799760 10 3 14 K
0.823569 10 2 14 K
0.840085 10 3 14 K
0.873246 10 4 14 K
0.891411 10 5 14 K
0.931895 10 5 0 K
0.960618 10 5 14 K
0.045380 11 14 4 L
0.084549 11 13 4 L
0.132771 11 12 4 L
0.151915 11 12 5 L
0.195773 11 13 5 L
0.229716 11 13 4 L
0.243696 11 13 5 L
0.285152 11 13 6 L
0.332644 11 13 5 L
0.380687 11 13 6 L
0.413530 11 13 5 L
0.463300 11 13 6 L
0.484288 11 13 5 L
0.507239 11 13 6 L
0.549211 11 13 7 L
0.576331 11 12 7 L
0.607499 11 13 7 L
0.619525 11 12 7 L
0.664034 11 12 8 L
0.683660 11 13 8 L
0.699540 11 14 8 L
0.748850 11 14 7 L
0.789548 11 13 7 L
0.819802 11 14 7 L
0.844567 11 13 7 L
0.872203 11 14 7 L
0.926454 11 14 6 L
0.000133 2 12 4 C
0.049695 2 13 4 C
0.084544 2 13 3 C
0.132776 2 13 4 C
0.174174 2 13 3 C
0.206258 2 13 4 C
0.229709 2 13 3 C
0.250958 2 12 3 C
0.294740 2 13 3 C
0.331699 2 13 4 C
0.370514 2 14 4 C
0.415905 2 0 4 C
0.441603 2 14 4 C
0.482084 2 0 4 C
0.496249 2 1 4 C
0.542187 2 2 4 C
0.564366 2 3 4 C
0.584434 2 3 5 C
0.602838 2 2 5 C
0.629408 2 1 5 C
0.674681 2 2 5 C
0.691229 2 2 6 C
0.731936 2 2 7 C
0.775769 2 2 6 C
0.813698 2 1 6 C
0.855701 2 0 6 C
0.898073 2 14 6 C
0.926450 2 13 6 C
0.000164 12 0 4 M
0.045376 12 1 4 M
0.087537 12 2 4 M
0.114293 12 1 4 M
0.138799 12 2 4 M
0.187744 12 2 3 M
0.216462 12 3 3 M
0.236694 12 3 4 M
0.274848 12 4 4 M
0.287226 12 3 4 M
0.308140 12 4 4 M
0.318626 12 5 4 M
0.336540 12 5 5 M
0.383125 12 5 4 M
0.430655 12 4 4 M
0.446617 12 5 4 M
0.475943 12 5 3 M
0.502221 12 5 4 M
0.534815 12 4 4 M
0.578283 12 5 4 M
0.608620 12 6 4 M
0.641901 12 6 3 M
0.660221 12 5 3 M
0.698071 12 4 3 M
0.732615 12 5 3 M
0.753016 12 6 3 M
0.795313 12 6 2 M
0.828704 12 5 2 M
0.860943 12 5 1 M
0.899970 12 6 1 M
0.913317 12 6 0 M
0.958547 12 7 0 M
0.986409 12 7 14 M
1.014249 12 6 14 M
1.027401 12 6 0 M
1.058450 12 5 0 M
0.000132 8 14 4 I
0.045378 8 0 4 I
0.055903 8 0 5 I
0.068567 8 0 4 I
0.093979 8 0 3 I
0.123210 8 0 4 I
0.151431 8 14 4 I
0.179093 8 14 3 I
0.219861 8 14 2 I
0.243704 8 0 2 I
0.285964 8 14 2 I
0.336099 8 14 1 I
0.362910 8 0 1 I
0.398973 8 0 2 I
0.448389 8 1 2 I
0.480101 8 1 3 I
0.514563 8 2 3 I
0.540354 8 1 3 I
0.573468 8 0 3 I
0.615550 8 0 4 I
0.653014 8 1 4 I
0.676730 8 1 3 I
0.712340 8 0 3 I
0.741927 8 1 3 I
0.785081 8 1 2 I
0.832303 8 1 1 I
0.869947 8 1 2 I
0.895907 8 1 3 I
0.937354 8 1 2 I
0.965673 8 0 2 I
1.014162 8 0 3 I
1.057069 8 0 2 I
1.069889 8 0 1 I
1.110090 8 1 1 I
1.134791 8 0 1 I
1.169305 8 14 1 I
1.182014 8 13 1 I
1.210583 8 13 2 I
1.225653 8 12 2 I
1.273842 8 12 3 I
1.294862 8 11 3 I
1.337639 8 11 4 I
1.347808 8 11 5 I
0.000164 13 12 0 N
0.040387 13 13 0 N
0.082263 13 14 0 N
0.104981 13 0 0 N
0.148784 13 1 0 N
0.184236 13 1 1 N
0.208244 13 1 2 N
0.251579 13 1 3 N
0.265836 13 0 3 N
0.307754 13 14 3 N
0.336103 13 14 2 N
0.350228 13 13 2 N
0.399522 13 13 1 N
0.418565 13 13 0 N
0.461776 13 14 0 N
0.504699 13 14 1 N
0.541947 13 13 1 N
0.575040 13 13 0 N
0.624450 13 12 0 N
0.652617 13 11 0 N
0.676214 13 11 1 N
0.707391 13 11 2 N
0.752946 13 11 3 N
0.774446 13 11 2 N
0.799838 13 11 3 N
0.832649 13 10 3 N
0.871922 13 11 3 N
0.890232 13 12 3 N
0.955360 13 11 3 N
0.968320 13 12 3 N
1.001819 13 12 4 N
1.014274 13 12 3 N
1.053866 13 13 3 N
1.081493 13 13 4 N
1.129814 13 14 4 N
1.145911 13 14 5 N
1.178070 13 13 5 N
1.194170 13 13 4 N
1.223139 13 13 3 N
1.247961 13 13 2 N
1.279616 13 13 1 N
1.290656 13 13 2 N
1.307938 13 14 2 N
1.319087 13 14 3 N
1.341162 13 14 2 N
1.360351 13 13 2 N
0.000116 5 12 8 F
0.018243 5 12 9 F
0.031135 5 11 9 F
0.057470 5 11 10 F
0.080489 5 12 10 F
0.123031 5 13 10 F
0.168095 5 12 10 F
0.187923 5 13 10 F
0.205952 5 13 9 F
0.229999 5 13 10 F
0.243131 5 14 10 F
0.263006 5 14 11 F
0.287582 5 14 10 F
0.310875 5 14 9 F
0.347415 5 14 10 F
0.366960 5 14 9 F
0.402561 5 0 9 F
0.438292 5 14 9 F
0.459849 5 0 9 F
0.506038 5 0 8 F
0.533285 5 14 8 F
0.575229 5 13 8 F
0.623412 5 13 9 F
0.672283 5 12 9 F
0.685584 5 12 8 F
0.712525 5 12 7 F
0.725816 5 12 6 F
0.768646 5 12 5 F
0.785080 5 12 4 F
0.803301 5 12 3 F
0.832911 5 12 2 F
0.875617 5 11 2 F
0.919463 5 11 3 F
0.955356 5 10 3 F
0.985728 5 10 4 F
0.999568 5 10 5 F
1.035218 5 9 5 F
1.076516 5 9 4 F
1.108136 5 9 3 F
1.148699 5 10 3 F
1.198135 5 10 2 F
1.247434 5 11 2 F
1.291829 5 11 1 F
1.332199 5 12 1 F
1.379586 5 11 1 F
1.409392 5 12 1 F
1.426292 5 12 2 F
