 0.001684844  9  9  0  J
 0.019360721  9  9  1  J
 0.037444543  9  9  2  J
 0.037444805  9  9  4  J
 0.266999452  9  9  5  J
 0.302799796  9  9  6  J
 0.302799950  9  9  0  J
 0.343536604  9  9  1  J
 0.344050495  9  9  2  J
 0.344050835  9  9  4  J
 0.604714015  9  9  5  J
 0.622618319  9  9  6  J
 0.622618420  9  9  0  J
 0.667409283  9  9  1  J
 0.718924508  9  9  2  J
 0.718924714  9  9  4  J
 0.998083992  9  9  5  J
 1.031652045  9  9  6  J
 1.031652253  9  9  0  J
 1.074594256  9  9  1  J
 1.122306254  9  9  2  J
 1.122306427  9  9  4  J
 1.334255871  9  9  5  J
 1.357274260  9  9  6  J
 1.357274383  9  9  0  J
 1.402063733  9  9  1  J
 1.455963159  9  9  2  J
 1.455963263  9  9  3  J
 1.455963656  9  9  4  J
 1.735479424  9  9  5  J
 1.768057253  9  9  6  J
 1.768057439  9  9  0  J
 1.800633785  9  9  1  J
 1.925521351  9  9  2  J
 1.925521640  9  9  4  J
 2.120633818  9  9  5  J
 2.164264678  9  9  6  J
 2.164264933  9  9  0  J
 2.188842024  9  9  1  J
 2.338539315  9  9  2  J
 2.338539680  9  9  4  J
 2.660058893  9  9  5  J
 2.674045420  9  9  6  J
 2.674045630  9  9  0  J
 0.001426751  3  3  0  D
 0.037181541  3  3  1  D
 0.037444532  3  3  2  D
 0.037444754  3  3  4  D
 0.086949275  3  3  5  D
 0.135101048  3  3  6  D
 0.135101242  3  3  0  D
 0.173385593  3  3  1  D
 0.344050584  3  3  2  D
 0.344050781  3  3  4  D
 0.419078040  3  3  5  D
 0.460370182  3  3  6  D
 0.460370475  3  3  0  D
 0.494075862  3  3  1  D
 0.718924499  3  3  2  D
 0.718924698  3  3  4  D
 0.818859843  3  3  5  D
 0.835918440  3  3  6  D
 0.835918575  3  3  0  D
 0.847433695  3  3  1  D
 1.122306238  3  3  2  D
 1.122306451  3  3  4  D
 1.196204879  3  3  5  D
 1.240668375  3  3  6  D
 1.240668550  3  3  0  D
 1.288830108  3  3  1  D
 1.455963116  3  3  2  D
 1.455963320  3  3  3  D
 1.455963609  3  3  4  D
 1.573875918  3  3  5  D
 1.616952751  3  3  6  D
 1.616952890  3  3  0  D
 1.630875580  3  3  1  D
 1.925521386  3  3  2  D
 1.925521599  3  3  4  D
 1.975251398  3  3  5  D
 1.991978939  3  3  6  D
 1.991979141  3  3  0  D
 2.005277307  3  3  1  D
 2.338539424  3  3  2  D
 2.338539679  3  3  4  D
 2.446217444  3  3  5  D
 2.492106247  3  3  6  D
 2.492106375  3  3  0  D
 2.526381295  3  3  1  D
 2.789193245  3  3  2  D
 2.789193460  3  3  4  D
 2.892903290  3  3  5  D
 2.910639157  3  3  6  D
 2.910639304  3  3  0  D
 0.001240826  0  0  0  A
 0.039804767  0  0  1  A
 0.344050498  0  0  2  A
 0.344050681  0  0  4  A
 0.344050737  0  0  5  A
 0.371202447  0  0  6  A
 0.371202675  0  0  0  A
 0.396420649  0  0  1  A
 0.718924548  0  0  2  A
 0.718924782  0  0  4  A
 0.718924834  0  0  5  A
 0.756199270  0  0  6  A
 0.756199446  0  0  0  A
 0.790408938  0  0  1  A
 1.122306192  0  0  2  A
 1.122306328  0  0  3  A
 1.122306704  0  0  4  A
 1.122306750  0  0  5  A
 1.134823445  0  0  6  A
 1.134823673  0  0  0  A
 1.155053579  0  0  1  A
 1.455963224  0  0  2  A
 1.455963501  0  0  4  A
 1.455963556  0  0  5  A
 1.503553297  0  0  6  A
 1.503553546  0  0  0  A
 1.526649786  0  0  1  A
 1.925521278  0  0  2  A
 1.925521433  0  0  3  A
 1.925521699  0  0  4  A
 1.925521729  0  0  5  A
 1.938385852  0  0  6  A
 1.938386082  0  0  0  A
 1.962010765  0  0  1  A
 2.338539276  0  0  2  A
 2.338539487  0  0  4  A
 2.338539544  0  0  5  A
 2.378734364  0  0  6  A
 2.378734647  0  0  0  A
 2.400512789  0  0  1  A
 2.789193079  0  0  2  A
 2.789193357  0  0  4  A
 2.789193409  0  0  5  A
 2.808826607  0  0  6  A
 2.808826852  0  0  0  A
 2.819171710  0  0  1  A
 3.137724449  0  0  2  A
 3.137724849  0  0  4  A
 3.137724903  0  0  5  A
 3.174059002  0  0  6  A
 3.174059135  0  0  0  A
 0.001323095  1  1  0  B
 0.014243177  1  1  1  B
 0.014243403  1  1  2  B
 0.014243501  1  1  4  B
 0.014243576  1  1  5  B
 0.037444158  1  1  6  B
 0.037444426  1  1  0  B
 0.063173696  1  1  1  B
 0.344050548  1  1  2  B
 0.344050707  1  1  4  B
 0.371202770  1  1  5  B
 0.391813766  1  1  6  B
 0.391813879  1  1  0  B
 0.430165750  1  1  1  B
 0.718924550  1  1  2  B
 0.718924698  1  1  4  B
 0.756199531  1  1  5  B
 0.790707538  1  1  6  B
 0.790707661  1  1  0  B
 0.819279780  1  1  1  B
 1.122306315  1  1  2  B
 1.122306463  1  1  4  B
 1.134823777  1  1  5  B
 1.182706011  1  1  6  B
 1.182706126  1  1  0  B
 1.221031226  1  1  1  B
 1.455963168  1  1  2  B
 1.455963283  1  1  3  B
 1.455963644  1  1  4  B
 1.503553666  1  1  5  B
 1.538423516  1  1  6  B
 1.538423634  1  1  0  B
 1.550073100  1  1  1  B
 1.925521310  1  1  2  B
 1.925521435  1  1  3  B
 1.925521755  1  1  4  B
 1.938386182  1  1  5  B
 1.961750662  1  1  6  B
 1.961750763  1  1  0  B
 1.994596754  1  1  1  B
 2.338539205  1  1  2  B
 2.338539514  1  1  4  B
 2.378734738  1  1  5  B
 2.399607555  1  1  6  B
 2.399607657  1  1  0  B
 2.418073680  1  1  1  B
 2.789193057  1  1  2  B
 2.789193219  1  1  4  B
 2.808826942  1  1  5  B
 2.853900147  1  1  6  B
 2.853900336  1  1  0  B
 2.886732492  1  1  1  B
 3.137724439  1  1  2  B
 3.137724577  1  1  3  B
 3.137724911  1  1  4  B
 3.174059235  1  1  5  B
 3.194492168  1  1  6  B
 3.194492318  1  1  0  B
 0.001647807  8  8  0  I
 0.034387655  8  8  1  I
 0.037444571  8  8  2  I
 0.037444756  8  8  4  I
 0.242835326  8  8  5  I
 0.266999188  8  8  6  I
 0.266999307  8  8  0  I
 0.313662130  8  8  1  I
 0.344050521  8  8  2  I
 0.344050708  8  8  4  I
 0.576236421  8  8  5  I
 0.604713786  8  8  6  I
 0.604713902  8  8  0  I
 0.623240504  8  8  1  I
 0.718924526  8  8  2  I
 0.718924700  8  8  4  I
 0.955211807  8  8  5  I
 0.998083673  8  8  6  I
 0.998083788  8  8  0  I
 1.013396718  8  8  1  I
 1.122306220  8  8  2  I
 1.122306332  8  8  3  I
 1.122306660  8  8  4  I
 1.304550523  8  8  5  I
 1.334255628  8  8  6  I
 1.334255741  8  8  0  I
 1.346714995  8  8  1  I
 1.455963160  8  8  2  I
 1.455963476  8  8  4  I
 1.720846953  8  8  5  I
 1.735479188  8  8  6  I
 1.735479305  8  8  0  I
 1.768828401  8  8  1  I
 1.925521300  8  8  2  I
 1.925521630  8  8  4  I
 2.096193174  8  8  5  I
 2.120633189  8  8  6  I
 2.120633411  8  8  0  I
 2.165930336  8  8  1  I
 2.338539135  8  8  2  I
 2.338539291  8  8  4  I
 2.645197926  8  8  5  I
 2.660058401  8  8  6  I
 2.660058508  8  8  0  I
 2.681339201  8  8  1  I
 2.789192981  8  8  2  I
 2.789193198  8  8  4  I
 3.023603083  8  8  5  I
 3.047433708  8  8  6  I
 3.047433818  8  8  0  I
 3.090336157  8  8  1  I
 3.137724433  8  8  2  I
 3.137724566  8  8  3  I
 3.137724971  8  8  4  I
 3.345027044  8  8  5  I
 3.372213636  8  8  6  I
 3.372213820  8  8  0  I
 0.001464032  4  4  0  E
 0.025798410  4  4  1  E
 0.037444609  4  4  2  E
 0.037444721  4  4  4  E
 0.135101414  4  4  5  E
 0.177225986  4  4  6  E
 0.177226139  4  4  0  E
 0.222161620  4  4  1  E
 0.344050520  4  4  2  E
 0.344050894  4  4  4  E
 0.460370584  4  4  5  E
 0.485023859  4  4  6  E
 0.485024029  4  4  0  E
 0.515778394  4  4  1  E
 0.718924528  4  4  2  E
 0.718924807  4  4  4  E
 0.835918679  4  4  5  E
 0.873708360  4  4  6  E
 0.873708510  4  4  0  E
 0.899934365  4  4  1  E
 1.122306219  4  4  2  E
 1.122306334  4  4  3  E
 1.122306671  4  4  4  E
 1.240668622  4  4  5  E
 1.257522400  4  4  6  E
 1.257522535  4  4  0  E
 1.285769890  4  4  1  E
 1.455963165  4  4  2  E
 1.455963484  4  4  4  E
 1.616953017  4  4  5  E
 1.644885594  4  4  6  E
 1.644885720  4  4  0  E
 1.689269243  4  4  1  E
 1.925521327  4  4  2  E
 1.925521843  4  4  4  E
 1.991979237  4  4  5  E
 2.031352878  4  4  6  E
 2.031353016  4  4  0  E
 2.050144075  4  4  1  E
 2.338539138  4  4  2  E
 2.338539321  4  4  4  E
 2.492106470  4  4  5  E
 2.541350150  4  4  6  E
 2.541350279  4  4  0  E
 2.557065107  4  4  1  E
 2.789193008  4  4  2  E
 2.789193310  4  4  4  E
 2.910639407  4  4  5  E
 2.922489134  4  4  6  E
 2.922489353  4  4  0  E
 2.936048971  4  4  1  E
 3.137724440  4  4  2  E
 3.137724605  4  4  3  E
 3.137725021  4  4  4  E
 3.218292553  4  4  5  E
 3.232027777  4  4  6  E
 3.232027906  4  4  0  E
 3.274574952  4  4  1  E
 3.482761203  4  4  2  E
 3.482761354  4  4  4  E
 3.504169707  4  4  5  E
 3.532872832  4  4  6  E
 3.532873070  4  4  0  E
 0.001609998  7  7  0  H
 0.034078095  7  7  1  H
 0.037444512  7  7  2  H
 0.037444675  7  7  3  H
 0.037444912  7  7  4  H
 0.213809741  7  7  5  H
 0.242835087  7  7  6  H
 0.242835192  7  7  0  H
 0.260223155  7  7  1  H
 0.344050525  7  7  2  H
 0.344050702  7  7  4  H
 0.537446735  7  7  5  H
 0.576236143  7  7  6  H
 0.576236266  7  7  0  H
 0.587705081  7  7  1  H
 0.718924494  7  7  2  H
 0.718924830  7  7  4  H
 0.940196689  7  7  5  H
 0.955211624  7  7  6  H
 0.955211704  7  7  0  H
 0.991924723  7  7  1  H
 1.122306242  7  7  2  H
 1.122306461  7  7  4  H
 1.289987695  7  7  5  H
 1.304550309  7  7  6  H
 1.304550391  7  7  0  H
 1.325927820  7  7  1  H
 1.455963169  7  7  2  H
 1.455963285  7  7  3  H
 1.455963655  7  7  4  H
 1.703212405  7  7  5  H
 1.720846750  7  7  6  H
 1.720846834  7  7  0  H
 1.759898855  7  7  1  H
 1.925521282  7  7  2  H
 1.925521438  7  7  3  H
 1.925521752  7  7  4  H
 2.079292677  7  7  5  H
 2.096192996  7  7  6  H
 2.096193076  7  7  0  H
 2.107605748  7  7  1  H
 2.338539207  7  7  2  H
 2.338539487  7  7  4  H
 2.600705826  7  7  5  H
 2.645197755  7  7  6  H
 2.645197829  7  7  0  H
 2.683493428  7  7  1  H
 2.789193055  7  7  2  H
 2.789193218  7  7  4  H
 2.980837318  7  7  5  H
 3.023602765  7  7  6  H
 3.023602900  7  7  0  H
 3.035407528  7  7  1  H
 3.137724438  7  7  2  H
 3.137724573  7  7  3  H
 3.137724914  7  7  4  H
 3.312168206  7  7  5  H
 3.345026390  7  7  6  H
 3.345026651  7  7  0  H
 3.392880467  7  7  1  H
 3.482760932  7  7  2  H
 3.482761062  7  7  3  H
 3.482761225  7  7  4  H
 3.594207229  7  7  5  H
 3.615693657  7  7  6  H
 3.615693872  7  7  0  H
 0.001728765  10  10  0  K
 0.048796091  10  10  1  K
 0.344050524  10  10  2  K
 0.344050833  10  10  4  K
 0.622618500  10  10  5  K
 0.648956412  10  10  6  K
 0.648956619  10  10  0  K
 0.692544387  10  10  1  K
 0.718924502  10  10  2  K
 0.718924716  10  10  4  K
 1.031652447  10  10  5  K
 1.063125680  10  10  6  K
 1.063125888  10  10  0  K
 1.093232793  10  10  1  K
 1.122306288  10  10  2  K
 1.122306550  10  10  4  K
 1.357274578  10  10  5  K
 1.398632844  10  10  6  K
 1.398632924  10  10  0  K
 1.416153597  10  10  1  K
 1.455963187  10  10  2  K
 1.455963327  10  10  3  K
 1.455963556  10  10  4  K
 1.768057608  10  10  5  K
 1.817009191  10  10  6  K
 1.817009362  10  10  0  K
 1.854184699  10  10  1  K
 1.925521367  10  10  2  K
 1.925521649  10  10  4  K
 2.164265297  10  10  5  K
 2.211704247  10  10  6  K
 2.211704410  10  10  0  K
 2.261187998  10  10  1  K
 2.338539201  10  10  2  K
 2.338539389  10  10  4  K
 2.674045840  10  10  5  K
 2.710721894  10  10  6  K
 2.710722058  10  10  0  K
 2.722419063  10  10  1  K
 2.789193275  10  10  2  K
 2.789193512  10  10  4  K
 3.047434203  10  10  5  K
 3.067396989  10  10  6  K
 3.067397198  10  10  0  K
 3.094220079  10  10  1  K
 3.137724557  10  10  2  K
 3.137724753  10  10  4  K
 3.372214039  10  10  5  K
 3.404067516  10  10  6  K
 3.404067720  10  10  0  K
 3.434092953  10  10  1  K
 3.482761006  10  10  2  K
 3.482761241  10  10  4  K
 3.615694168  10  10  5  K
 3.658830747  10  10  6  K
 3.658830964  10  10  0  K
 3.693767875  10  10  1  K
 3.713532573  10  10  2  K
 3.713532681  10  10  4  K
 3.839176369  10  10  5  K
 3.870514325  10  10  6  K
 3.870514547  10  10  0  K
 3.899325450  10  10  1  K
 3.924293146  10  10  2  K
 3.924293371  10  10  4  K
 4.029480108  10  10  5  K
 4.061874187  10  10  6  K
 4.061874403  10  10  0  K
 0.001388659  2  2  0  C
 0.016015278  2  2  1  C
 0.037444552  2  2  2  C
 0.037444803  2  2  4  C
 0.037444922  2  2  5  C
 0.086948873  2  2  6  C
 0.086949148  2  2  0  C
 0.133717858  2  2  1  C
 0.344050564  2  2  2  C
 0.344050689  2  2  4  C
 0.391814022  2  2  5  C
 0.419077787  2  2  6  C
 0.419077910  2  2  0  C
 0.441390255  2  2  1  C
 0.718924627  2  2  2  C
 0.718924957  2  2  4  C
 0.790707817  2  2  5  C
 0.818859547  2  2  6  C
 0.818859677  2  2  0  C
 0.844796990  2  2  1  C
 1.122306253  2  2  2  C
 1.122306496  2  2  4  C
 1.182706270  2  2  5  C
 1.196204583  2  2  6  C
 1.196204750  2  2  0  C
 1.219931022  2  2  1  C
 1.455963350  2  2  2  C
 1.455963529  2  2  4  C
 1.538423785  2  2  5  C
 1.573875627  2  2  6  C
 1.573875809  2  2  0  C
 1.592822636  2  2  1  C
 1.925521329  2  2  2  C
 1.925521418  2  2  3  C
 1.925521758  2  2  4  C
 1.961750894  2  2  5  C
 1.975251177  2  2  6  C
 1.975251291  2  2  0  C
 2.013700148  2  2  1  C
 2.338539406  2  2  2  C
 2.338539643  2  2  4  C
 2.399608002  2  2  5  C
 2.446217019  2  2  6  C
 2.446217171  2  2  0  C
 2.493252779  2  2  1  C
 2.789192998  2  2  2  C
 2.789193189  2  2  4  C
 2.853900453  2  2  5  C
 2.892903022  2  2  6  C
 2.892903130  2  2  0  C
 2.923699781  2  2  1  C
 3.137724454  2  2  2  C
 3.137724570  2  2  3  C
 3.137725008  2  2  4  C
 3.194492473  2  2  5  C
 3.218292307  2  2  6  C
 3.218292430  2  2  0  C
 3.259062708  2  2  1  C
 3.482761173  2  2  2  C
 3.482761443  2  2  4  C
 3.482761534  2  2  5  C
 3.504169327  2  2  6  C
 3.504169550  2  2  0  C
 3.548956236  2  2  1  C
 3.713532725  2  2  2  C
 3.713532923  2  2  4  C
 3.713533007  2  2  5  C
 3.756080262  2  2  6  C
 3.756080506  2  2  0  C
 3.777661993  2  2  1  C
 3.924293149  2  2  2  C
 3.924293382  2  2  4  C
 3.924293520  2  2  5  C
 3.961849343  2  2  6  C
 3.961849588  2  2  0  C
 3.983854252  2  2  1  C
 4.128358661  2  2  2  C
 4.128358841  2  2  4  C
 4.128358919  2  2  5  C
 4.148622030  2  2  6  C
 4.148622266  2  2  0  C
 0.001572379  6  6  0  G
 0.019389398  6  6  1  G
 0.037444667  6  6  2  G
 0.037444870  6  6  4  G
 0.177226325  6  6  5  G
 0.213809440  6  6  6  G
 0.213809620  6  6  0  G
 0.238647439  6  6  1  G
 0.344050586  6  6  2  G
 0.344050754  6  6  4  G
 0.509354602  6  6  5  G
 0.537446457  6  6  6  G
 0.537446585  6  6  0  G
 0.562761839  6  6  1  G
 0.718924645  6  6  2  G
 0.718924937  6  6  4  G
 0.918572953  6  6  5  G
 0.940196491  6  6  6  G
 0.940196578  6  6  0  G
 0.984763368  6  6  1  G
 1.122306340  6  6  2  G
 1.122306524  6  6  4  G
 1.276096986  6  6  5  G
 1.289987427  6  6  6  G
 1.289987594  6  6  0  G
 1.309001879  6  6  1  G
 1.455963161  6  6  2  G
 1.455963249  6  6  3  G
 1.455963672  6  6  4  G
 1.664718703  6  6  5  G
 1.703212137  6  6  6  G
 1.703212235  6  6  0  G
 1.714874073  6  6  1  G
 1.925521365  6  6  2  G
 1.925521641  6  6  4  G
 2.066288044  6  6  5  G
 2.079292445  6  6  6  G
 2.079292576  6  6  0  G
 2.122184735  6  6  1  G
 2.338539344  6  6  2  G
 2.338539660  6  6  4  G
 2.556106038  6  6  5  G
 2.600705567  6  6  6  G
 2.600705720  6  6  0  G
 2.649376927  6  6  1  G
 2.789193037  6  6  2  G
 2.789193184  6  6  4  G
 2.937527161  6  6  5  G
 2.980837031  6  6  6  G
 2.980837149  6  6  0  G
 2.993191521  6  6  1  G
 3.137724397  6  6  2  G
 3.137724687  6  6  3  G
 3.137724968  6  6  4  G
 3.264974993  6  6  5  G
 3.312167875  6  6  6  G
 3.312167990  6  6  0  G
 3.360082015  6  6  1  G
 3.482760989  6  6  2  G
 3.482761154  6  6  4  G
 3.579897213  6  6  5  G
 3.594206840  6  6  6  G
 3.594207053  6  6  0  G
 3.610728988  6  6  1  G
 3.713532681  6  6  2  G
 3.713532844  6  6  4  G
 3.791877413  6  6  5  G
 3.839175927  6  6  6  G
 3.839176137  6  6  0  G
 3.882992942  6  6  1  G
 3.924293103  6  6  2  G
 3.924293298  6  6  4  G
 4.011351820  6  6  5  G
 4.029479682  6  6  6  G
 4.029479895  6  6  0  G
 4.059106752  6  6  1  G
 4.128358596  6  6  2  G
 4.128358724  6  6  4  G
 4.195651030  6  6  5  G
 4.233013576  6  6  6  G
 4.233013786  6  6  0  G
 0.001534873  5  5  0  F
 0.045879948  5  5  1  F
 0.344050550  5  5  2  F
 0.344050734  5  5  4  F
 0.485024217  5  5  5  F
 0.509354230  5  5  6  F
 0.509354453  5  5  0  F
 0.556767265  5  5  1  F
 0.718924687  5  5  2  F
 0.718924915  5  5  4  F
 0.873708852  5  5  5  F
 0.918572587  5  5  6  F
 0.918572809  5  5  0  F
 0.934663973  5  5  1  F
 1.122306333  5  5  2  F
 1.122306599  5  5  4  F
 1.257522873  5  5  5  F
 1.276096629  5  5  6  F
 1.276096847  5  5  0  F
 1.314423813  5  5  1  F
 1.455963242  5  5  2  F
 1.455963452  5  5  4  F
 1.644885891  5  5  5  F
 1.664718456  5  5  6  F
 1.664718587  5  5  0  F
 1.681357529  5  5  1  F
 1.925521328  5  5  2  F
 1.925521438  5  5  3  F
 1.925521767  5  5  4  F
 2.031353400  5  5  5  F
 2.066287687  5  5  6  F
 2.066287929  5  5  0  F
 2.077094237  5  5  1  F
 2.338539268  5  5  2  F
 2.338539447  5  5  4  F
 2.541350460  5  5  5  F
 2.556105550  5  5  6  F
 2.556105693  5  5  0  F
 2.601155705  5  5  1  F
 2.789193106  5  5  2  F
 2.789193315  5  5  4  F
 2.922489616  5  5  5  F
 2.937526819  5  5  6  F
 2.937527033  5  5  0  F
 2.971211886  5  5  1  F
 3.137724551  5  5  2  F
 3.137724769  5  5  4  F
 3.232028142  5  5  5  F
 3.264974643  5  5  6  F
 3.264974861  5  5  0  F
 3.287476653  5  5  1  F
 3.482761055  5  5  2  F
 3.482761234  5  5  4  F
 3.532873182  5  5  5  F
 3.579896711  5  5  6  F
 3.579896841  5  5  0  F
 3.616073287  5  5  1  F
 3.713532654  5  5  2  F
 3.713532794  5  5  4  F
 3.756080710  5  5  5  F
 3.791876952  5  5  6  F
 3.791877169  5  5  0  F
 3.834974109  5  5  1  F
 3.924293132  5  5  2  F
 3.924293293  5  5  4  F
 3.961849771  5  5  5  F
 4.011351438  5  5  6  F
 4.011351654  5  5  0  F
 4.021843472  5  5  1  F
 4.128358637  5  5  2  F
 4.128358837  5  5  4  F
 4.148622432  5  5  5  F
 4.195650667  5  5  6  F
 4.195650880  5  5  0  F
 4.230420682  5  5  1  F
 4.298351052  5  5  2  F
 4.298351199  5  5  4  F
 4.298351275  5  5  5  F
 4.342771907  5  5  6  F
 4.342772121  5  5  0  F
 0.001800508  12  12  0  M
 0.039477661  12  12  1  M
 0.344050588  12  12  2  M
 0.344050759  12  12  4  M
 0.648956859  12  12  5  M
 0.686680793  12  12  6  M
 0.686680894  12  12  0  M
 0.729573677  12  12  1  M
 1.122306288  12  12  2  M
 1.122306633  12  12  4  M
 1.398633037  12  12  5  M
 1.442307157  12  12  6  M
 1.442307374  12  12  0  M
 1.452899882  12  12  1  M
 1.455963189  12  12  2  M
 1.455963329  12  12  3  M
 1.455963552  12  12  4  M
 1.866132347  12  12  5  M
 1.878983566  12  12  6  M
 1.878983688  12  12  0  M
 1.908654585  12  12  1  M
 1.925521353  12  12  2  M
 1.925521622  12  12  4  M
 2.252296817  12  12  5  M
 2.301346499  12  12  6  M
 2.301346640  12  12  0  M
 2.351119747  12  12  1  M
 2.789193077  12  12  2  M
 2.789193377  12  12  4  M
 3.067397352  12  12  5  M
 3.107552799  12  12  6  M
 3.107552915  12  12  0  M
 3.149650696  12  12  1  M
 3.482760948  12  12  2  M
 3.482761099  12  12  4  M
 3.658831202  12  12  5  M
 3.688204066  12  12  6  M
 3.688204270  12  12  0  M
 3.723281298  12  12  1  M
 3.924293116  12  12  2  M
 3.924293392  12  12  4  M
 4.061874526  12  12  5  M
 4.101486317  12  12  6  M
 4.101486521  12  12  0  M
 4.144147322  12  12  1  M
 4.298350988  12  12  2  M
 4.298351108  12  12  4  M
 4.390298045  12  12  5  M
 4.424324179  12  12  6  M
 4.424324380  12  12  0  M
 4.451397772  12  12  1  M
 4.484662217  12  12  2  M
 4.484662340  12  12  4  M
 4.484662430  12  12  5  M
 4.526934353  12  12  6  M
 4.526934556  12  12  0  M
 4.562746546  12  12  1  M
 4.614564335  12  12  2  M
 4.614564471  12  12  4  M
 4.614564562  12  12  5  M
 4.635309382  12  12  6  M
 4.635309585  12  12  0  M
 0.001878201  14  14  0  O
 0.040365010  14  14  1  O
 0.344050552  14  14  2  O
 0.344050732  14  14  4  O
 0.686681164  14  14  5  O
 0.718924317  14  14  6  O
 0.718924396  14  14  0  O
 0.767356610  14  14  1  O
 1.122306239  14  14  2  O
 1.122306421  14  14  4  O
 1.442307624  14  14  5  O
 1.455962944  14  14  6  O
 1.455963037  14  14  0  O
 1.478991314  14  14  1  O
 1.925521391  14  14  2  O
 1.925521725  14  14  4  O
 2.301346772  14  14  5  O
 2.338538866  14  14  6  O
 2.338539037  14  14  0  O
 2.352608803  14  14  1  O
 2.789193036  14  14  2  O
 2.789193188  14  14  4  O
 3.107552980  14  14  5  O
 3.137724249  14  14  6  O
 3.137724325  14  14  0  O
 3.178286248  14  14  1  O
 3.482761002  14  14  2  O
 3.482761129  14  14  4  O
 3.688204466  14  14  5  O
 3.713532279  14  14  6  O
 3.713532454  14  14  0  O
 3.756340309  14  14  1  O
 3.924293171  14  14  2  O
 3.924293391  14  14  4  O
 4.101486691  14  14  5  O
 4.128358241  14  14  6  O
 4.128358412  14  14  0  O
 4.172241546  14  14  1  O
 4.298351074  14  14  2  O
 4.298351213  14  14  4  O
 4.424324564  14  14  5  O
 4.448948112  14  14  6  O
 4.448948289  14  14  0  O
 4.481942508  14  14  1  O
 4.484662208  14  14  2  O
 4.484662314  14  14  4  O
 4.526934677  14  14  5  O
 4.562000540  14  14  6  O
 4.562000712  14  14  0  O
 4.583399787  14  14  1  O
 4.614564266  14  14  2  O
 4.614564371  14  14  4  O
 4.635309641  14  14  5  O
 4.656255553  14  14  6  O
 4.656255726  14  14  0  O
 0.001840144  13  13  0  N
 0.033719724  13  13  1  N
 0.037444548  13  13  2  N
 0.037444758  13  13  4  N
 0.322119831  13  13  5  N
 0.344050265  13  13  6  N
 0.344050409  13  13  0  N
 0.386750073  13  13  1  N
 0.718924549  13  13  2  N
 0.718924731  13  13  4  N
 1.084200913  13  13  5  N
 1.122305992  13  13  6  N
 1.122306102  13  13  0  N
 1.151025691  13  13  1  N
 1.455963223  13  13  2  N
 1.455963497  13  13  4  N
 1.878983882  13  13  5  N
 1.925521073  13  13  6  N
 1.925521197  13  13  0  N
 1.950740386  13  13  1  N
 2.338539275  13  13  2  N
 2.338539486  13  13  4  N
 2.755657503  13  13  5  N
 2.789192727  13  13  6  N
 2.789192875  13  13  0  N
 2.800831252  13  13  1  N
 3.137724461  13  13  2  N
 3.137724696  13  13  3  N
 3.137724902  13  13  4  N
 3.441004509  13  13  5  N
 3.482760623  13  13  6  N
 3.482760818  13  13  0  N
 3.525765610  13  13  1  N
 3.713532807  13  13  2  N
 3.713533015  13  13  4  N
 3.908027933  13  13  5  N
 3.924292706  13  13  6  N
 3.924292905  13  13  0  N
 3.949366703  13  13  1  N
 4.128358622  13  13  2  N
 4.128358753  13  13  4  N
 4.276775712  13  13  5  N
 4.298350663  13  13  6  N
 4.298350857  13  13  0  N
 4.318475105  13  13  1  N
 4.448948412  13  13  2  N
 4.448948517  13  13  4  N
 4.471220799  13  13  5  N
 4.484661916  13  13  6  N
 4.484662106  13  13  0  N
 4.520288404  13  13  1  N
 4.562000903  13  13  2  N
 4.562001057  13  13  4  N
 4.599175601  13  13  5  N
 4.614563933  13  13  6  N
 4.614564126  13  13  0  N
 4.655145891  13  13  1  N
 4.656255799  13  13  2  N
 4.656255895  13  13  4  N
 4.705730611  13  13  5  N
 4.717714007  13  13  6  N
 4.717714200  13  13  0  N
 0.001766452  11  11  0  L
 0.020245013  11  11  1  L
 0.037444660  11  11  2  L
 0.037445008  11  11  4  L
 0.302799995  11  11  5  L
 0.322119510  11  11  6  L
 0.322119637  11  11  0  L
 0.350740027  11  11  1  L
 0.718924629  11  11  2  L
 0.718924901  11  11  4  L
 1.063126014  11  11  5  L
 1.084200611  11  11  6  L
 1.084200712  11  11  0  L
 1.133610926  11  11  1  L
 1.455963299  11  11  2  L
 1.455963466  11  11  4  L
 1.817009687  11  11  5  L
 1.866131982  11  11  6  L
 1.866132200  11  11  0  L
 1.900199574  11  11  1  L
 1.925521287  11  11  2  L
 1.925521458  11  11  3  L
 1.925521699  11  11  4  L
 2.211704743  11  11  5  L
 2.252296322  11  11  6  L
 2.252296510  11  11  0  L
 2.271662796  11  11  1  L
 2.338539424  11  11  2  L
 2.338539674  11  11  4  L
 2.710722422  11  11  5  L
 2.755656976  11  11  6  L
 2.755657180  11  11  0  L
 2.799362257  11  11  1  L
 3.137724606  11  11  2  L
 3.137724992  11  11  4  L
 3.404067934  11  11  5  L
 3.441004090  11  11  6  L
 3.441004301  11  11  0  L
 3.483297357  11  11  1  L
 3.713532840  11  11  2  L
 3.713533059  11  11  4  L
 3.870514759  11  11  5  L
 3.908027526  11  11  6  L
 3.908027737  11  11  0  L
 3.938522532  11  11  1  L
 4.128358615  11  11  2  L
 4.128358755  11  11  4  L
 4.233014132  11  11  5  L
 4.276775389  11  11  6  L
 4.276775602  11  11  0  L
 4.296663320  11  11  1  L
 4.298350961  11  11  2  L
 4.298351062  11  11  4  L
 4.342772287  11  11  5  L
 4.390297712  11  11  6  L
 4.390297923  11  11  0  L
 4.418573398  11  11  1  L
 4.448948393  11  11  2  L
 4.448948502  11  11  4  L
 4.448948586  11  11  5  L
 4.471220479  11  11  6  L
 4.471220690  11  11  0  L
 4.511873029  11  11  1  L
 4.562000964  11  11  2  L
 4.562001156  11  11  4  L
 4.562001251  11  11  5  L
 4.599175030  11  11  6  L
 4.599175264  11  11  0  L
 4.641598051  11  11  1  L
 4.656255831  11  11  2  L
 4.656255947  11  11  4  L
 4.656256029  11  11  5  L
 4.705730299  11  11  6  L
 4.705730521  11  11  0  L
 4.744631984  11  11  1  L
 4.744632235  11  11  2  L
 4.744632339  11  11  4  L
 4.744632437  11  11  5  L
 4.789510041  11  11  6  L
 4.789510786  11  11  0  L
-1  15  15  7 LOCAL_SECTION;ENTRY_PROTOCOL_1;ENTRY_PROTOCOL_2;ENTRY_PROTOCOL_3;ENTRY_PROTOCOL_4;CRITICAL_SECTION;EXIT_PROTOCOL;EXTRA_LABEL;
