-1 15 15 15
0.000144 7 11 2 H
0.019989 7 12 2 H
0.066749 7 12 3 H
0.111505 7 13 3 H
0.125390 7 14 3 H
0.145319 7 14 4 H
0.194604 7 13 4 H
0.232319 7 12 4 H
0.267247 7 11 4 H
0.411159 7 11 4 h
0.000127 5 8 1 F
0.045027 5 9 1 F
0.089655 5 9 2 F
0.111516 5 8 2 F
0.128594 5 8 1 F
0.156450 5 9 1 F
0.168244 5 10 1 F
0.181836 5 10 0 F
0.208225 5 10 1 F
0.257828 5 10 2 F
0.272814 5 10 3 F
0.291459 5 11 3 F
0.434751 5 11 3 f
0.000145 9 9 11 J
0.012865 9 8 11 J
0.050944 9 8 10 J
0.094834 9 7 10 J
0.122243 9 8 10 J
0.163747 9 9 10 J
0.191862 9 9 9 J
0.236864 9 8 9 J
0.253409 9 7 9 J
0.270896 9 7 8 J
0.304376 9 7 7 J
0.439849 9 7 7 j
0.000145 10 9 8 K
0.026533 10 8 8 K
0.071181 10 8 7 K
0.095002 10 8 6 K
0.124967 10 8 7 K
0.207380 10 9 7 K
0.239455 10 9 6 K
0.256306 10 8 6 K
0.294338 10 8 7 K
0.331653 10 8 8 K
0.445085 10 8 8 k
0.000151 12 9 5 M
0.021441 12 9 6 M
0.049635 12 9 7 M
0.062232 12 9 6 M
0.105434 12 9 5 M
0.122390 12 9 6 M
0.166836 12 9 7 M
0.207378 12 10 7 M
0.239017 12 10 6 M
0.260377 12 9 6 M
0.281956 12 9 7 M
0.331655 12 8 7 M
0.460565 12 8 7 m
0.000162 14 2 3 O
0.011627 14 3 3 O
0.055249 14 4 3 O
0.089708 14 5 3 O
0.124133 14 4 3 O
0.134660 14 4 4 O
0.160256 14 5 4 O
0.181101 14 4 4 O
0.223561 14 4 5 O
0.235835 14 4 4 O
0.274627 14 3 4 O
0.290698 14 3 5 O
0.336986 14 2 5 O
0.357297 14 2 6 O
0.401435 14 1 6 O
0.436282 14 1 5 O
0.466584 14 1 6 O
0.516030 14 1 7 O
0.532088 14 1 6 O
0.000042 0 12 12 A
0.010382 0 13 12 A
0.048090 0 13 13 A
0.094102 0 12 13 A
0.134878 0 13 13 A
0.158319 0 14 13 A
0.192003 0 0 13 A
0.210199 0 0 12 A
0.237255 0 14 12 A
0.283569 0 14 13 A
0.331564 0 14 12 A
0.370771 0 14 13 A
0.413395 0 14 12 A
0.450672 0 13 12 A
0.472154 0 13 13 A
0.495626 0 12 13 A
0.532540 0 12 14 A
0.556683 0 13 14 A
0.597035 0 12 14 A
0.000098 3 1 0 D
0.040660 3 0 0 D
0.060529 3 0 14 D
0.085178 3 0 13 D
0.100957 3 1 13 D
0.136889 3 2 13 D
0.152123 3 3 13 D
0.193386 3 3 12 D
0.265692 3 2 12 D
0.287506 3 3 12 D
0.325103 3 3 13 D
0.347614 3 3 14 D
0.390665 3 3 13 D
0.418549 3 3 14 D
0.466128 3 4 14 D
0.537087 3 3 14 D
0.683780 3 3 14 d
0.000139 2 0 11 C
0.045588 2 1 11 C
0.084271 2 1 12 C
0.100371 2 2 12 C
0.123555 2 2 13 C
0.136888 2 2 12 C
0.184880 2 2 13 C
0.220464 2 2 12 C
0.265692 2 2 11 C
0.312846 2 2 12 C
0.361661 2 3 12 C
0.373915 2 3 11 C
0.415067 2 3 12 C
0.458533 2 3 13 C
0.489806 2 3 14 C
0.537085 2 3 13 C
0.687246 2 3 13 c
0.000143 6 14 3 G
0.019375 6 14 2 G
0.045919 6 0 2 G
0.087056 6 0 1 G
0.103758 6 14 1 G
0.146847 6 14 2 G
0.195317 6 0 2 G
0.221274 6 1 2 G
0.240036 6 0 2 G
0.261638 6 1 2 G
0.272331 6 1 3 G
0.318712 6 2 3 G
0.343582 6 1 3 G
0.391746 6 2 3 G
0.433135 6 2 2 G
0.477482 6 2 1 G
0.509572 6 2 0 G
0.520432 6 2 1 G
0.552915 6 3 1 G
0.578834 6 3 0 G
0.723164 6 3 0 g
0.045029 13 8 1 N
0.089660 13 9 1 N
0.111767 13 10 1 N
0.144490 13 10 2 N
0.166633 13 10 3 N
0.199673 13 10 4 N
0.243761 13 10 5 N
0.254395 13 9 5 N
0.275324 13 9 4 N
0.321557 13 8 4 N
0.352582 13 9 4 N
0.379955 13 9 5 N
0.411896 13 9 4 N
0.424269 13 8 4 N
0.439501 13 8 5 N
0.471246 13 9 5 N
0.491142 13 9 6 N
0.517097 13 9 7 N
0.566616 13 9 6 N
0.602797 13 10 6 N
0.739176 13 10 6 n
0.000142 4 8 6 E
0.044100 4 8 5 E
0.076003 4 9 5 E
0.103381 4 9 4 E
0.128335 4 10 4 E
0.176227 4 11 4 E
0.211461 4 11 5 E
0.252246 4 11 6 E
0.294343 4 11 5 E
0.342180 4 10 5 E
0.357093 4 10 4 E
0.379530 4 10 5 E
0.427527 4 10 4 E
0.469682 4 10 5 E
0.495706 4 11 5 E
0.506015 4 10 5 E
0.550390 4 9 5 E
0.597039 4 10 5 E
0.744229 4 10 5 e
0.026534 11 9 8 L
0.069331 11 9 7 L
0.108211 11 9 8 L
0.136739 11 8 8 L
0.168244 11 9 8 L
0.202033 11 10 8 L
0.239018 11 10 7 L
0.252700 11 11 7 L
0.270094 11 10 7 L
0.308117 11 11 7 L
0.350870 11 11 6 L
0.373907 11 12 6 L
0.398078 11 13 6 L
0.439900 11 12 6 L
0.478249 11 12 5 L
0.523543 11 11 5 L
0.557675 11 12 5 L
0.578824 11 11 5 L
0.612884 11 12 5 L
0.631815 11 13 5 L
0.646171 11 13 4 L
0.680103 11 13 3 L
0.713873 11 13 4 L
0.760082 11 14 4 L
0.792440 11 13 4 L
0.836928 11 13 3 L
0.875159 11 14 3 L
0.910588 11 13 3 L
0.936519 11 13 4 L
0.000045 1 1 4 B
0.013634 1 1 5 B
0.031239 1 1 4 B
0.061190 1 1 5 B
0.109556 1 1 4 B
0.148862 1 0 4 B
0.194606 1 14 4 B
0.216164 1 0 4 B
0.247586 1 14 4 B
0.282750 1 14 3 B
0.308450 1 0 3 B
0.353281 1 14 3 B
0.378569 1 14 4 B
0.426601 1 0 4 B
0.476720 1 1 4 B
0.494819 1 2 4 B
0.541494 1 2 5 B
0.591675 1 2 4 B
0.611845 1 3 4 B
0.638187 1 4 4 B
0.681436 1 4 5 B
0.697420 1 3 5 B
0.733674 1 3 4 B
0.746690 1 3 3 B
0.775704 1 2 3 B
0.800173 1 1 3 B
0.818274 1 2 3 B
0.861038 1 2 2 B
0.896951 1 1 2 B
0.913980 1 2 2 B
0.944119 1 3 2 B
0.975149 1 3 1 B
1.007540 1 3 2 B
1.050664 1 3 3 B
1.098917 1 3 4 B
1.138541 1 3 3 B
1.165131 1 3 4 B
1.182839 1 3 3 B
1.206947 1 4 3 B
1.223041 1 4 4 B
1.253638 1 5 4 B
1.290729 1 5 3 B
1.315598 1 6 3 B
1.364046 1 6 2 B
1.404344 1 6 1 B
1.429547 1 6 2 B
1.461714 1 6 3 B
1.511867 1 5 3 B
1.529400 1 5 4 B
1.561576 1 5 3 B
1.588211 1 5 4 B
1.613692 1 6 4 B
1.646580 1 7 4 B
1.661615 1 7 3 B
1.705817 1 8 3 B
0.000138 8 2 13 I
0.020391 8 2 14 I
0.048024 8 3 14 I
0.077915 8 2 14 I
0.106008 8 2 0 I
0.140737 8 2 14 I
0.162488 8 2 0 I
0.189366 8 2 14 I
0.209660 8 2 0 I
0.222165 8 2 1 I
0.245865 8 3 1 I
0.270632 8 3 0 I
0.306896 8 2 0 I
0.354740 8 3 0 I
0.368362 8 4 0 I
0.388555 8 4 14 I
0.420283 8 4 13 I
0.430856 8 4 12 I
0.477759 8 5 12 I
0.495809 8 5 13 I
0.514044 8 4 13 I
0.549338 8 5 13 I
0.576039 8 5 12 I
0.590490 8 6 12 I
0.624943 8 7 12 I
0.659983 8 7 11 I
0.701627 8 7 12 I
0.714968 8 7 13 I
0.746415 8 7 14 I
0.791973 8 7 13 I
0.835258 8 6 13 I
0.868141 8 5 13 I
0.913228 8 5 14 I
0.933165 8 5 0 I
0.957782 8 5 1 I
0.971713 8 5 0 I
1.020274 8 5 14 I
1.032529 8 5 0 I
1.070928 8 5 1 I
1.088765 8 6 1 I
1.103210 8 7 1 I
1.149857 8 8 1 I
1.178494 8 7 1 I
1.213360 8 8 1 I
1.262671 8 8 0 I
1.309136 8 8 1 I
1.328440 8 9 1 I
1.376539 8 9 2 I
1.410566 8 10 2 I
1.459637 8 10 1 I
1.490766 8 10 2 I
1.532924 8 10 1 I
1.560640 8 10 2 I
1.601794 8 9 2 I
1.629735 8 9 1 I
1.648727 8 10 1 I
1.698645 8 10 2 I
1.711487 8 10 3 I
1.736985 8 10 2 I
1.764214 8 10 3 I
1.788242 8 10 4 I
1.899736 8 10 4 i
