 0.000114793  0  0  0  A
 0.000250367  0  0  0  A
 0.027897737  0  0  1  A
 0.027897982  0  0  2  A
 0.041083354  0  0  3  A
 0.041083686  0  0  0  A
 0.072597542  0  0  1  A
 0.081691801  0  0  2  A
 0.108187453  0  0  3  A
 0.108187719  0  0  0  A
 0.134333011  0  0  1  A
 0.134333260  0  0  2  A
 0.168435820  0  0  3  A
 0.168436489  0  0  0  A
 0.206473919  0  0  1  A
 0.206474933  0  0  2  A
 0.219785686  0  0  3  A
 0.219786826  0  0  0  A
 0.238476176  0  0  1  A
 0.256110756  0  0  2  A
 0.299678342  0  0  3  A
 0.299678549  0  0  0  A
 0.000187321  1  1  0  B
 0.000262710  1  1  0  B
 0.043726503  1  1  1  B
 0.043726858  1  1  2  B
 0.081650915  1  1  3  B
 0.081651116  1  1  0  B
 0.099016731  1  1  1  B
 0.108215910  1  1  2  B
 0.126957627  1  1  3  B
 0.126957842  1  1  0  B
 0.166543084  1  1  1  B
 0.168457512  1  1  2  B
 0.186496099  1  1  3  B
 0.186497146  1  1  0  B
 0.214302516  1  1  1  B
 0.219811870  1  1  2  B
 0.256095920  1  1  3  B
 0.256096119  1  1  0  B
 0.267244157  1  1  1  B
 0.299696103  1  1  2  B
 0.328613660  1  1  3  B
 0.328613873  1  1  0  B
 0.353590429  1  1  1  B
 0.353590789  1  1  2  B
 0.369935818  1  1  3  B
 0.369936598  1  1  0  B
 0.404012454  1  1  1  B
 0.404013468  1  1  2  B
 0.421820613  1  1  3  B
 0.421821642  1  1  0  B
 0.446892180  1  1  1  B
 0.446893183  1  1  2  B
 0.462364179  1  1  3  B
 0.462365208  1  1  0  B
 0.499242263  1  1  1  B
 0.499243270  1  1  2  B
 0.530029631  1  1  3  B
 0.530030663  1  1  0  B
 0.569184544  1  1  1  B
 0.569185578  1  1  2  B
 0.609253808  1  1  3  B
 0.609254823  1  1  0  B
-1  2  2  4 LOCAL_SECTION;ENTRY_PROTOCOL;CRITICAL_SECTION;EXIT_PROTOCOL;ALGORITHM=Dekker;
