-1 15 15 10
0.000000 6 5 8 G
0.042753 6 5 7 G
0.054019 6 4 7 G
0.066507 6 3 7 G
0.141541 6 2 7 G
0.160583 6 2 6 G
0.190889 6 2 5 G
0.214517 6 1 5 G
0.326351 6 1 5 g
0.000000 0 1 5 A
0.031081 0 1 6 A
0.043260 0 1 7 A
0.077596 0 1 8 A
0.113907 0 0 8 A
0.125322 0 0 7 A
0.174333 0 0 6 A
0.216580 0 1 6 A
0.338421 0 1 6 a
0.000507 9 0 0 J
0.013156 9 0 9 J
0.044269 9 0 8 J
0.088261 9 0 7 J
0.108178 9 1 7 J
0.141541 9 1 6 J
0.162156 9 0 6 J
0.174333 9 14 6 J
0.201325 9 13 6 J
0.240987 9 12 6 J
0.290000 9 13 6 J
0.313528 9 14 6 J
0.336780 9 0 6 J
0.359408 9 14 6 J
0.000000 8 7 6 I
0.037669 8 7 7 I
0.061687 8 8 7 I
0.091347 8 7 7 I
0.108714 8 8 7 I
0.154281 8 9 7 I
0.177414 8 9 6 I
0.189851 8 9 7 I
0.229418 8 8 7 I
0.240451 8 9 7 I
0.265299 8 9 8 I
0.296820 8 10 8 I
0.335743 8 11 8 I
0.355227 8 11 9 I
0.390355 8 12 9 I
0.522901 8 12 9 i
0.000507 11 9 1 L
0.017795 11 9 2 L
0.053477 11 9 1 L
0.075435 11 9 2 L
0.116483 11 9 1 L
0.141541 11 10 1 L
0.177414 11 10 2 L
0.208029 11 10 1 L
0.226759 11 9 1 L
0.263259 11 10 1 L
0.278914 11 9 1 L
0.310844 11 10 1 L
0.340521 11 10 0 L
0.351471 11 11 0 L
0.391917 11 11 9 L
0.530585 11 11 9 l
0.000507 10 1 7 K
0.039681 10 0 7 K
0.088261 10 1 7 K
0.100685 10 2 7 K
0.141541 10 1 7 K
0.173296 10 2 7 K
0.211726 10 1 7 K
0.242525 10 2 7 K
0.283191 10 2 8 K
0.304573 10 2 7 K
0.336780 10 2 6 K
0.374746 10 3 6 K
0.419917 10 3 5 K
0.535127 10 3 5 k
0.000507 12 2 5 M
0.033602 12 2 4 M
0.055531 12 2 5 M
0.086750 12 1 5 M
0.099651 12 1 6 M
0.117519 12 1 5 M
0.161618 12 1 4 M
0.190889 12 0 4 M
0.204388 12 14 4 M
0.229925 12 0 4 M
0.272609 12 1 4 M
0.296820 12 2 4 M
0.343099 12 2 5 M
0.387249 12 2 4 M
0.420924 12 2 5 M
0.542492 12 2 5 m
0.000507 13 12 8 N
0.046282 13 11 8 N
0.075435 13 10 8 N
0.119061 13 9 8 N
0.134168 13 10 8 N
0.148343 13 11 8 N
0.183693 13 11 9 N
0.222984 13 12 9 N
0.239400 13 12 8 N
0.253145 13 11 8 N
0.278914 13 12 8 N
0.294755 13 12 9 N
0.325674 13 13 9 N
0.345701 13 14 9 N
0.384656 13 14 8 N
0.418407 13 13 8 N
0.445353 13 12 8 N
0.470649 13 12 7 N
0.503981 13 13 7 N
0.515516 13 14 7 N
0.657836 13 14 7 n
0.000000 1 9 9 B
0.046888 1 9 8 B
0.086750 1 9 9 B
0.130554 1 8 9 B
0.168467 1 9 9 B
0.188313 1 9 8 B
0.232089 1 9 9 B
0.296820 1 9 8 B
0.323103 1 9 7 B
0.337317 1 9 6 B
0.373183 1 8 6 B
0.414141 1 7 6 B
0.430192 1 7 7 B
0.457440 1 7 8 B
0.494890 1 7 9 B
0.519373 1 6 9 B
0.533110 1 7 9 B
0.580403 1 7 0 B
0.611928 1 8 0 B
0.652093 1 8 9 B
0.689051 1 8 0 B
0.739512 1 9 0 B
0.772768 1 9 1 B
0.799595 1 9 2 B
0.825208 1 8 2 B
0.948406 1 8 2 b
0.000000 2 2 2 C
0.019348 2 1 2 C
0.064350 2 0 2 C
0.078627 2 14 2 C
0.129016 2 14 1 C
0.162156 2 0 1 C
0.202342 2 1 1 C
0.235790 2 1 2 C
0.315184 2 1 1 C
0.357888 2 1 0 C
0.384662 2 0 0 C
0.417857 2 14 0 C
0.453265 2 14 1 C
0.486757 2 0 1 C
0.517039 2 1 1 C
0.554600 2 2 1 C
0.581420 2 1 1 C
0.628193 2 2 1 C
0.666852 2 1 1 C
0.693799 2 2 1 C
0.730031 2 2 2 C
0.741173 2 3 2 C
0.779632 2 4 2 C
0.826772 2 4 1 C
0.852025 2 4 0 C
0.874954 2 3 0 C
0.888471 2 4 0 C
0.925968 2 3 0 C
0.000000 5 12 4 F
0.030072 5 12 5 F
0.075435 5 11 5 F
0.115447 5 11 4 F
0.147308 5 10 4 F
0.195016 5 10 3 F
0.221833 5 9 3 F
0.244088 5 9 4 F
0.268400 5 9 5 F
0.304573 5 9 4 F
0.324635 5 8 4 F
0.335743 5 9 4 F
0.354160 5 9 3 F
0.396731 5 9 2 F
0.409475 5 8 2 F
0.426591 5 8 1 F
0.469111 5 8 0 F
0.513102 5 8 1 F
0.548603 5 8 2 F
0.592182 5 8 1 F
0.620209 5 7 1 F
0.662112 5 7 2 F
0.696494 5 8 2 F
0.723165 5 7 2 F
0.735920 5 8 2 F
0.749022 5 7 2 F
0.794327 5 8 2 F
0.825208 5 8 3 F
0.971615 5 8 3 f
0.000507 14 5 3 O
0.022905 14 5 4 O
0.037669 14 5 3 O
0.050957 14 6 3 O
0.078101 14 6 4 O
0.120136 14 6 3 O
0.152076 14 5 3 O
0.192951 14 5 2 O
0.226759 14 5 1 O
0.269436 14 5 2 O
0.279975 14 5 3 O
0.329981 14 5 2 O
0.367283 14 6 2 O
0.403142 14 6 3 O
0.438126 14 6 4 O
0.450688 14 6 3 O
0.470649 14 6 4 O
0.493877 14 7 4 O
0.535127 14 8 4 O
0.565250 14 7 4 O
0.610415 14 7 5 O
0.641511 14 7 6 O
0.654124 14 7 7 O
0.675722 14 6 7 O
0.704845 14 6 6 O
0.745384 14 6 5 O
0.766926 14 6 4 O
0.798034 14 6 5 O
0.812198 14 5 5 O
0.846649 14 5 4 O
0.896478 14 5 3 O
0.908608 14 4 3 O
0.936510 14 3 3 O
0.977961 14 3 4 O
1.112954 14 3 4 o
0.000000 4 4 1 E
0.014232 4 5 1 E
0.032593 4 5 2 E
0.063752 4 5 1 E
0.093362 4 5 2 E
0.112879 4 5 3 E
0.142576 4 4 3 E
0.154818 4 4 2 E
0.198736 4 4 3 E
0.248909 4 4 4 E
0.288462 4 4 5 E
0.306139 4 3 5 E
0.343099 4 4 5 E
0.380417 4 5 5 E
0.429645 4 6 5 E
0.473183 4 5 5 E
0.502963 4 4 5 E
0.548603 4 4 6 E
0.582430 4 5 6 E
0.601305 4 5 7 E
0.622866 4 5 8 E
0.659006 4 5 7 E
0.678396 4 5 6 E
0.693201 4 4 6 E
0.741173 4 4 7 E
0.759691 4 4 8 E
0.803809 4 3 8 E
0.846649 4 4 8 E
0.870754 4 5 8 E
0.910146 4 5 7 E
0.942029 4 6 7 E
0.978971 4 6 6 E
1.007429 4 6 7 E
1.019036 4 6 6 E
1.043189 4 5 6 E
1.054271 4 5 7 E
1.076716 4 5 8 E
1.117276 4 5 9 E
0.000000 3 11 6 D
0.036156 3 11 7 D
0.068072 3 12 7 D
0.089832 3 12 6 D
0.102247 3 12 5 D
0.129016 3 12 4 D
0.172259 3 12 3 D
0.185736 3 11 3 D
0.222452 3 11 4 D
0.253760 3 12 4 D
0.266862 3 12 5 D
0.291596 3 11 5 D
0.308823 3 10 5 D
0.327916 3 11 5 D
0.341560 3 10 5 D
0.357888 3 10 4 D
0.394574 3 11 4 D
0.440706 3 12 4 D
0.487298 3 12 3 D
0.528030 3 11 3 D
0.552084 3 11 2 D
0.588001 3 11 3 D
0.601305 3 11 2 D
0.635648 3 12 2 D
0.665314 3 12 3 D
0.687509 3 13 3 D
0.732193 3 13 2 D
0.757588 3 13 1 D
0.780666 3 12 1 D
0.809093 3 11 1 D
0.829430 3 11 2 D
0.858824 3 12 2 D
0.872355 3 12 1 D
0.891145 3 12 2 D
0.940490 3 13 2 D
0.958431 3 13 1 D
0.999538 3 14 1 D
1.037956 3 0 1 D
1.079494 3 0 2 D
1.093657 3 14 2 D
1.132911 3 0 2 D
1.173806 3 0 1 D
1.210961 3 1 1 D
1.246188 3 1 2 D
1.276479 3 1 1 D
1.315698 3 1 0 D
1.327194 3 1 1 D
1.352316 3 1 0 D
1.384790 3 2 0 D
1.531220 3 2 0 d
0.000000 7 14 2 H
0.019310 7 13 2 H
0.057560 7 14 2 H
0.077596 7 14 3 H
0.129016 7 14 2 H
0.160583 7 0 2 H
0.202342 7 0 1 H
0.235790 7 1 1 H
0.250449 7 0 1 H
0.283791 7 1 1 H
0.315184 7 1 0 H
0.353013 7 2 0 H
0.384662 7 1 0 H
0.418362 7 0 0 H
0.453265 7 14 0 H
0.471155 7 0 0 H
0.516534 7 0 9 H
0.536655 7 0 8 H
0.584942 7 0 9 H
0.622866 7 14 9 H
0.643162 7 0 9 H
0.690101 7 1 9 H
0.740153 7 0 9 H
0.774376 7 0 8 H
0.810131 7 1 8 H
0.860388 7 1 9 H
0.877000 7 0 9 H
0.891145 7 14 9 H
0.902877 7 0 9 H
0.923306 7 14 9 H
0.948520 7 14 0 H
0.976448 7 0 0 H
0.998788 7 0 9 H
1.028504 7 14 9 H
1.070438 7 0 9 H
1.097813 7 14 9 H
1.124549 7 14 8 H
1.135489 7 0 8 H
1.166029 7 14 8 H
1.203613 7 14 9 H
1.236710 7 0 9 H
1.247725 7 0 0 H
1.272361 7 1 0 H
1.315698 7 2 0 H
1.354361 7 2 1 H
1.372536 7 1 1 H
1.394257 7 2 1 H
1.429879 7 1 1 H
1.475341 7 2 1 H
1.487941 7 2 2 H
1.509366 7 2 1 H
1.658043 7 2 1 h
