-0.695850,0.304150
-0.556294,-0.443706
-0.251840,-0.748160
-0.629957,0.370043
-0.559809,-0.440191
-0.013521,0.986479
-0.416227,0.583773
-0.456527,-0.543473
-0.944490,0.055510
0.692071,-0.307929
-0.831703,-0.168297
-0.868534,0.131466
-0.268879,-0.731121
-0.571029,-0.428971
-0.810823,0.189177
-0.862579,0.137421
-0.214799,-0.785201
0.808453,0.191547
-0.890621,0.109379
-0.099295,0.900705
-0.557944,-0.442056
-0.478626,0.521374
-0.254825,-0.745175
0.272709,0.727291
-0.440871,0.559129
0.597029,-0.402971
0.006078,-0.993922
0.235444,0.764556
0.501840,0.498160
0.476256,0.523744
0.854201,-0.145799
0.316866,0.683134
-0.729216,0.270784
-0.075162,-0.924838
0.363021,-0.636979
0.504296,-0.495704
-0.649464,0.350536
-0.635260,0.364740
0.488068,-0.511932
0.570185,-0.429815
-0.108301,0.891699
0.208246,-0.791754
0.596608,-0.403392
0.449514,-0.550486
-0.373575,-0.626425
-0.438578,-0.561422
-0.337612,0.662388
0.498585,0.501415
-0.174265,0.825735
0.341108,-0.658892
-0.041781,-0.958219
0.865242,-0.134758
0.713760,0.286240
-0.783762,-0.216238
-0.725103,-0.274897
0.588381,0.411619
-0.211969,0.788031
-0.464552,0.535448
0.644647,-0.355353
-0.394956,-0.605044
-0.509377,-0.490623
0.936728,-0.063272
0.601115,0.398885
-0.642693,0.357307
-0.322469,0.677531
-0.009754,-0.990246
0.417869,-0.582131
-0.767074,-0.232926
-0.303743,0.696257
-0.528402,0.471598
0.271218,0.728782
0.562045,0.437955
-0.578525,0.421475
0.973795,0.026205
0.449833,-0.550167
-0.356129,-0.643871
0.240921,-0.759079
-0.317248,0.682752
0.483378,-0.516622
0.931196,0.068804
0.685757,-0.314243
-0.573975,-0.426025
0.850928,-0.149072
-0.177394,0.822606
-0.666281,0.333719
0.891196,0.108804
0.548160,-0.451840
-0.649240,-0.350760
-0.446185,-0.553815
0.586905,0.413095
0.719699,0.280301
0.405175,-0.594825
-0.296691,0.703309
0.786427,-0.213573
0.856011,-0.143989
-0.896585,0.103415
-0.525375,-0.474625
-0.330412,-0.669588
-0.243392,-0.756608
-0.738565,-0.261435
0.563782,0.436218
-0.262873,0.737127
0.102238,0.897762
0.595576,0.404424
-0.583055,-0.416945
-0.572901,0.427099
-0.617239,-0.382761
0.685784,0.314216
0.882110,-0.117890
-0.023376,-0.976624
-0.201417,0.798583
-0.577162,0.422838
-0.657035,-0.342965
-0.157390,0.842610
0.604475,-0.395525
0.710607,-0.289393
0.450009,-0.549991
-0.344160,0.655840
0.074529,-0.925471
-0.168099,0.831901
-0.551515,0.448485
0.738811,-0.261189
0.958496,0.041504
0.362228,-0.637772
-0.648893,0.351107
-0.397018,-0.602982
-0.899203,-0.100797
-0.579321,-0.420679
-0.783775,-0.216225
-0.321322,-0.678678
0.391753,0.608247
-0.218854,-0.781146
0.790609,-0.209391
0.602054,-0.397946
0.376098,0.623902
-0.448800,-0.551200
0.755594,-0.244406
-0.602443,-0.397557
0.156968,-0.843032
0.268276,0.731724
0.807495,-0.192505
-0.525934,0.474066
-0.395779,-0.604221
0.315767,-0.684233
-0.488441,-0.511559
-0.435099,0.564901
-0.399824,-0.600176
-0.728907,0.271093
-0.467184,-0.532816
-0.612918,-0.387082
0.841096,0.158904
0.406707,-0.593293
-0.074461,-0.925539
0.614318,0.385682
0.448203,0.551797
0.856776,-0.143224
-0.303677,-0.696323
-0.771894,0.228106
0.427736,0.572264
0.627780,0.372220
0.368249,0.631751
0.196179,-0.803821
-0.066931,0.933069
-0.516591,-0.483409
-0.258216,0.741784
-0.772406,-0.227594
-0.838159,-0.161841
-0.671876,-0.328124
-0.371399,0.628601
0.527297,0.472703
-0.679862,0.320138
-0.501994,-0.498006
-0.294458,-0.705542
-0.469424,-0.530576
-0.860689,-0.139311
-0.308294,0.691706
-0.321969,0.678031
-0.880133,-0.119867
-0.356779,-0.643221
0.403740,-0.596260
-0.525247,-0.474753
-0.153484,-0.846516
-0.728135,0.271865
0.470608,-0.529392
0.443278,0.556722
0.164555,-0.835445
-0.409971,0.590029
0.580515,-0.419485
0.627681,-0.372319
0.621633,-0.378367
0.673259,-0.326741
-0.437912,0.562088
-0.624818,0.375182
0.770886,-0.229114
0.441030,0.558970
0.891899,-0.108101
-0.289873,0.710127
-0.566441,0.433559
0.256554,-0.743446
0.688678,0.311322
0.224982,-0.775018
0.561744,-0.438256
-0.708089,-0.291911
0.507845,0.492155
0.677652,0.322348
-0.759517,0.240483
0.546428,-0.453572
-0.632106,-0.367894
0.708433,0.291567
0.677067,-0.322933
0.121869,0.878131
-0.528818,0.471182
-0.447611,0.552389
-0.084261,-0.915739
0.502538,-0.497462
-0.315569,-0.684431
-0.319031,0.680969
-0.444576,0.555424
-0.775427,0.224573
-0.604800,0.395200
0.202374,-0.797626
-0.483467,-0.516533
-0.797034,-0.202966
-0.509929,-0.490071
0.340984,0.659016
0.493217,0.506783
0.461975,-0.538025
0.628511,0.371489
0.725713,-0.274287
-0.389545,0.610455
-0.212164,-0.787836
-0.317797,0.682203
0.608801,0.391199
-0.365119,0.634881
0.388764,-0.611236
-0.818193,0.181807
0.222953,0.777047
0.237235,-0.762765
-0.343616,0.656384
0.411020,0.588980
0.467670,-0.532330
0.422127,0.577873
-0.557390,-0.442610
-0.284775,0.715225
-0.376297,-0.623703
-0.789969,-0.210031
-0.206879,0.793121
0.445032,-0.554968
-0.441002,-0.558998
0.325625,0.674375
0.158917,-0.841083
-0.818859,-0.181141
0.141119,-0.858881
-0.301563,0.698437
0.385745,-0.614255
0.768183,0.231817
-0.842097,0.157903
-0.687688,0.312312
0.657143,0.342857
0.376740,0.623260
-0.024194,0.975806
-0.666042,-0.333958
-0.805834,-0.194166
0.344816,-0.655184
0.720356,-0.279644
0.511855,-0.488145
-0.416608,0.583392
-0.409787,-0.590213
0.572592,0.427408
0.370575,-0.629425
-0.636805,-0.363195
0.839601,0.160399
-0.373627,0.626373
0.103977,-0.896023
0.881446,-0.118554
-0.717297,0.282703
0.432164,0.567836
0.389551,0.610449
-0.388813,0.611187
0.528476,0.471524
-0.826222,-0.173778
-0.288893,-0.711107
0.836983,0.163017
0.979720,0.020280
-0.417722,-0.582278
0.087913,-0.912087
0.355428,0.644572
-0.984536,-0.015464
-0.352403,0.647597
-0.466502,-0.533498
0.479199,0.520801
-0.564296,-0.435704
0.375893,0.624107
-0.233971,-0.766029
0.482134,0.517866
-0.434916,-0.565084
-0.994641,-0.005359
0.539886,-0.460114
0.317566,0.682434
-0.493243,-0.506757
0.512853,-0.487147
-0.453337,0.546663
-0.641485,-0.358515
-0.476718,0.523282
0.027163,0.972837
0.555760,0.444240
-0.791440,-0.208560
0.103309,-0.896691
-0.672727,0.327273
0.459902,-0.540098
-0.237604,0.762396
0.523721,0.476279
0.627459,-0.372541
-0.537398,-0.462602
-0.122158,-0.877842
0.876387,0.123613
-0.390481,-0.609519
0.915989,-0.084011
-0.732454,0.267546
0.514429,-0.485571
0.733824,0.266176
0.696359,0.303641
-0.295628,-0.704372
-0.476720,-0.523280
0.550692,0.449308
0.554765,0.445235
0.777186,-0.222814
-0.689324,0.310676
-0.268808,-0.731192
0.588082,-0.411918
-0.174026,0.825974
-0.920820,-0.079180
-0.476273,-0.523727
0.843508,0.156492
-0.461954,0.538046
-0.257106,-0.742894
-0.505213,0.494787
-0.169252,-0.830748
-0.430454,-0.569546
-0.281714,0.718286
-0.814222,-0.185778
0.844102,0.155898
-0.491510,-0.508490
0.589752,0.410248
0.471183,-0.528817
0.535490,0.464510
0.800155,-0.199845
-0.595143,-0.404857
0.700634,0.299366
-0.396697,0.603303
-0.189672,0.810328
0.641488,-0.358512
-0.436886,-0.563114
-0.249052,0.750948
-0.456710,0.543290
0.464113,0.535887
0.077422,0.922578
0.898565,-0.101435
0.347697,-0.652303
0.594225,0.405775
0.610374,-0.389626
-0.497481,0.502519
-0.675891,-0.324109
-0.644223,-0.355777
-0.144459,0.855541
0.113856,-0.886144
0.571710,-0.428290
0.370891,0.629109
0.243815,-0.756185
0.321947,-0.678053
-0.791435,-0.208565
0.307329,-0.692671
0.447620,0.552380
-0.760402,-0.239598
-0.419563,-0.580437
0.280200,0.719800
-0.497101,0.502899
-0.219368,-0.780632
-0.284746,0.715254
-0.506315,-0.493685
0.129603,0.870397
-0.684796,-0.315204
-0.333936,0.666064
-0.488880,0.511120
-0.941961,-0.058039
-0.325979,-0.674021
-0.518457,-0.481543
0.667226,0.332774
0.519901,0.480099
0.623845,-0.376155
0.897742,-0.102258
-0.695855,-0.304145
0.138139,0.861861
0.742835,-0.257165
-0.443678,-0.556322
0.510089,0.489911
-0.349052,-0.650948
0.677041,0.322959
-0.059684,-0.940316
-0.464855,-0.535145
-0.821806,-0.178194
0.664262,0.335738
-0.618915,-0.381085
0.383444,0.616556
-0.311213,0.688787
0.385610,0.614390
0.593621,0.406379
0.207762,-0.792238
0.087928,-0.912072
0.534556,-0.465444
-0.247343,0.752657
0.554847,0.445153
0.094471,0.905529
0.579716,0.420284
0.635228,0.364772
-0.548360,-0.451640
0.921568,0.078432
-0.728110,0.271890
0.129193,0.870807
-0.543423,0.456577
0.586182,-0.413818
0.731776,0.268224
0.547924,0.452076
-0.395035,0.604965
-0.510473,-0.489527
-0.448860,0.551140
-0.458324,0.541676
0.838952,0.161048
0.655663,-0.344337
-0.620561,0.379439
-0.878410,-0.121590
-0.723431,-0.276569
0.697060,0.302940
0.196102,-0.803898
-0.216426,0.783574
0.466251,0.533749
-0.209002,0.790998
-0.664400,0.335600
-0.499222,-0.500778
0.070128,0.929872
0.747906,0.252094
0.437550,0.562450
-0.575701,-0.424299
-0.689907,-0.310093
0.624691,-0.375309
-0.457459,-0.542541
0.866340,0.133660
0.260410,-0.739590
0.752987,-0.247013
0.327288,0.672712
0.433955,0.566045
-0.012970,0.987030
0.628196,-0.371804
-0.657451,0.342549
-0.243154,-0.756846
-0.522385,-0.477615
0.658989,-0.341011
-0.450623,0.549377
0.427882,-0.572118
0.798160,0.201840
-0.091299,-0.908701
0.388895,0.611105
-0.285272,0.714728
-0.117953,-0.882047
0.673345,-0.326655
0.472548,0.527452
-0.098937,-0.901063
-0.371948,-0.628052
0.106357,0.893643
-0.092246,-0.907754
-0.846362,0.153638
0.460149,-0.539851
0.588640,0.411360
-0.030294,0.969706
0.802018,-0.197982
0.680221,0.319779
-0.544401,0.455599
0.425963,0.574037
-0.317698,0.682302
0.740021,-0.259979
0.909549,0.090451
0.369217,-0.630783
0.853966,-0.146034
-0.564458,0.435542
0.915001,-0.084999
0.364319,0.635681
-0.030094,-0.969906
0.472434,-0.527566
-0.562719,-0.437281
-0.482780,0.517220
-0.934507,0.065493
-0.704071,0.295929
0.009837,-0.990163
0.589095,-0.410905
0.439209,-0.560791
-0.220619,0.779381
0.921269,-0.078731
-0.322216,-0.677784
0.448209,0.551791
0.492938,0.507062
0.646867,-0.353133
-0.766711,0.233289
-0.429014,-0.570986
-0.177538,0.822462
0.706177,-0.293823
0.283507,0.716493
-0.403623,0.596377
-0.231454,-0.768546
-0.406438,0.593562
-0.539268,-0.460732
-0.070869,0.929131
-0.431929,0.568071
-0.423162,-0.576838
0.542550,0.457450
0.678423,-0.321577
-0.293635,0.706365
-0.424781,0.575219
-0.557423,-0.442577
0.314968,0.685032
0.079511,0.920489
0.534665,-0.465335
0.949645,-0.050355
-0.609327,-0.390673
0.422513,0.577487
-0.529777,0.470223
0.590247,0.409753
0.621098,-0.378902
0.758902,-0.241098
0.467152,-0.532848
-0.601091,0.398909
0.500425,0.499575
0.619281,-0.380719
-0.717333,-0.282667
0.428985,-0.571015
0.733437,-0.266563
-0.659482,0.340518
-0.386376,0.613624
-0.029803,0.970197
-0.571160,-0.428840
-0.641390,0.358610
0.510075,0.489925
-0.305042,0.694958
-0.778282,0.221718
-0.652768,-0.347232
-0.547688,-0.452312
0.806399,0.193601
-0.587648,0.412352
-0.508770,0.491230
0.508065,-0.491935
0.314605,-0.685395
0.654158,0.345842
0.550476,-0.449524
-0.530272,-0.469728
-0.226240,0.773760
0.690585,-0.309415
0.797848,0.202152
0.482182,0.517818
-0.449661,-0.550339
0.542188,0.457812
0.220367,0.779633
0.318317,-0.681683
0.589937,0.410063
0.506876,-0.493124
0.381769,-0.618231
-0.344143,-0.655857
-0.927776,-0.072224
0.512726,0.487274
0.693770,0.306230
-0.496679,0.503321
0.249841,0.750159
0.510841,0.489159
-0.186146,-0.813854
-0.763828,-0.236172
-0.372885,0.627115
-0.551153,-0.448847
-0.267851,0.732149
0.849745,0.150255
0.741742,0.258258
0.704091,-0.295909
-0.930876,0.069124
0.162659,-0.837341
0.478476,0.521524
-0.681603,0.318397
-0.295300,0.704700
-0.463825,-0.536175
-0.808230,0.191770
-0.623018,0.376982
0.653932,0.346068
0.378386,0.621614
0.654771,0.345229
0.969453,-0.030547
0.498639,-0.501361
-0.725673,0.274327
-0.892464,0.107536
-0.656081,-0.343919
0.542040,-0.457960
-0.264834,-0.735166
0.595336,-0.404664
0.545304,-0.454696
0.649172,0.350828
0.472084,-0.527916
-0.602665,0.397335
-0.684659,0.315341
0.588354,0.411646
0.976422,-0.023578
-0.397793,0.602207
0.879438,-0.120562
0.741758,-0.258242
-0.341350,-0.658650
0.644174,-0.355826
0.244823,0.755177
0.723927,-0.276073
0.644754,0.355246
-0.568294,-0.431706
0.610369,0.389631
-0.775660,-0.224340
-0.389428,0.610572
0.548920,0.451080
-0.932176,-0.067824
0.379592,0.620408
0.915948,-0.084052
-0.347162,-0.652838
-0.992208,-0.007792
0.481000,0.519000
0.688306,0.311694
-0.873155,-0.126845
0.559580,-0.440420
0.299471,0.700529
0.163915,-0.836085
0.506727,0.493273
-0.855064,0.144936
-0.531648,0.468352
-0.849527,0.150473
-0.568538,-0.431462
0.394974,0.605026
-0.729234,0.270766
-0.719278,0.280722
-0.175858,-0.824142
-0.435137,-0.564863
0.391925,0.608075
-0.562415,0.437585
0.016231,-0.983769
-0.052491,0.947509
0.753816,0.246184
-0.348084,-0.651916
-0.165085,-0.834915
-0.450523,-0.549477
-0.744660,0.255340
-0.158413,0.841587
-0.535069,0.464931
0.670734,-0.329266
0.730863,-0.269137
0.354363,-0.645637
-0.677171,-0.322829
-0.983563,0.016437
-0.262596,0.737404
-0.333557,-0.666443
-0.473386,-0.526614
0.203360,0.796640
0.860320,0.139680
-0.715844,0.284156
-0.920947,0.079053
-0.676579,0.323421
-0.562189,-0.437811
-0.362961,-0.637039
0.728611,0.271389
-0.369052,0.630948
0.794314,-0.205686
0.275792,0.724208
-0.480163,0.519837
-0.392886,0.607114
0.533512,0.466488
0.824305,-0.175695
-0.183974,-0.816026
0.355352,0.644648
0.465431,-0.534569
0.487929,0.512071
-0.124977,0.875023
-0.055856,0.944144
0.396637,0.603363
-0.302494,-0.697506
0.061276,-0.938724
0.536283,0.463717
0.645861,-0.354139
-0.553428,0.446572
-0.814109,0.185891
-0.317253,0.682747
-0.505145,0.494855
0.719799,-0.280201
-0.948108,-0.051892
-0.259370,-0.740630
-0.191852,0.808148
-0.290658,0.709342
0.597606,-0.402394
0.521183,0.478817
0.103284,-0.896716
0.683834,0.316166
-0.908348,0.091652
-0.707523,0.292477
-0.866113,-0.133887
0.665730,0.334270
0.924534,0.075466
0.886970,0.113030
0.452185,0.547815
0.847569,-0.152431
0.618657,-0.381343
-0.548599,0.451401
0.398418,-0.601582
-0.239027,-0.760973
0.662503,0.337497
0.470500,0.529500
0.655687,-0.344313
0.375864,-0.624136
0.765272,-0.234728
-0.510427,0.489573
0.247916,0.752084
0.590752,-0.409248
0.691824,-0.308176
0.477282,0.522718
-0.455573,0.544427
-0.696932,-0.303068
0.743734,-0.256266
-0.507235,0.492765
-0.356319,-0.643681
-0.736575,-0.263425
0.403044,0.596956
-0.005463,0.994537
0.611717,0.388283
-0.618109,0.381891
-0.254945,-0.745055
0.865652,0.134348
0.499695,-0.500305
-0.357168,0.642832
-0.451688,0.548312
-0.598123,-0.401877
-0.310523,0.689477
-0.736954,0.263046
-0.126608,0.873392
0.877243,-0.122757
-0.488584,0.511416
0.391701,-0.608299
-0.526994,0.473006
0.714324,0.285676
-0.695260,0.304740
-0.648117,0.351883
-0.000173,-0.999827
-0.136344,-0.863656
0.277837,-0.722163
-0.514791,-0.485209
-0.770895,-0.229105
-0.249529,0.750471
0.484889,-0.515111
0.271264,0.728736
-0.423135,-0.576865
0.724173,0.275827
-0.442164,-0.557836
-0.484158,0.515842
0.542860,0.457140
0.474658,-0.525342
-0.442049,0.557951
0.906389,0.093611
0.263890,-0.736110
0.401436,0.598564
0.764128,0.235872
-0.841536,-0.158464
-0.420226,-0.579774
0.177417,0.822583
-0.211039,0.788961
0.022939,-0.977061
-0.587532,-0.412468
-0.435600,0.564400
0.467762,-0.532238
-0.441777,-0.558223
0.518643,0.481357
0.683194,0.316806
0.650978,0.349022
0.502322,-0.497678
-0.711974,0.288026
0.413950,-0.586050
0.326458,-0.673542
-0.969399,-0.030601
0.172111,0.827889
-0.564450,-0.435550
0.242750,-0.757250
-0.629491,-0.370509
-0.156426,-0.843574
0.638735,0.361265
-0.638233,0.361767
0.066352,0.933648
-0.849482,0.150518
0.532170,-0.467830
-0.326967,0.673033
0.037438,0.962562
-0.493297,0.506703
-0.107114,-0.892886
-0.049195,0.950805
-0.647581,0.352419
-0.611126,0.388874
0.668311,-0.331689
-0.981552,0.018448
