68526              4  4  0  E
24260038           4  4  1  E
190583605          4  4  2  E
231730973          4  4  3  E
231731089          4  4  0  E
250561270          4  4  1  E
768605132          4  4  2  E
811173214          4  4  3  E
811173318          4  4  0  E
856025522          4  4  1  E
1426349028         4  4  2  E
1470377920         4  4  3  E
1470377985         4  4  0  E
1512887904         4  4  1  E
2062603797         4  4  2  E
2105972404         4  4  3  E
2105972488         4  4  0  E
2132820493         4  4  1  E
2771568177         4  4  2  E
2800680548         4  4  3  E
2800680646         4  4  0  E
65474              15 15 0  P
30222810           15 15 1  P
268459065          15 15 2  P
287604965          15 15 3  P
287605040          15 15 0  P
303781417          15 15 1  P
830201999          15 15 2  P
876124460          15 15 3  P
876124533          15 15 0  P
918999033          15 15 1  P
1470379449         15 15 2  P
1494037142         15 15 3  P
1494037210         15 15 0  P
1510392343         15 15 1  P
2033600691         15 15 2  P
2062555277         15 15 3  P
2062555370         15 15 0  P
2084728979         15 15 1  P
2726230213         15 15 2  P
2771555868         15 15 3  P
2771555980         15 15 0  P
2801176574         15 15 1  P
3384577186         15 15 2  P
3416918734         15 15 3  P
3416918808         15 15 0  P
65237              14 14 0  O
11826256           14 14 1  O
11830449           14 14 2  O
28677281           14 14 3  O
28677357           14 14 0  O
46800010           14 14 1  O
561373206          14 14 2  O
603607428          14 14 3  O
603607516          14 14 0  O
624667932          14 14 1  O
1166724641         14 14 2  O
1198746400         14 14 3  O
1198746474         14 14 0  O
1210854310         14 14 1  O
1765652444         14 14 2  O
1804593741         14 14 3  O
1804593819         14 14 0  O
1832876382         14 14 1  O
2445241559         14 14 2  O
2488969500         14 14 3  O
2488969618         14 14 0  O
2523788318         14 14 1  O
3123769606         14 14 2  O
3152182240         14 14 3  O
3152182357         14 14 0  O
3192765236         14 14 1  O
3726952921         14 14 2  O
3752953068         14 14 3  O
3752953151         14 14 0  O
61569              9  9  0  J
42532647           9  9  1  J
461119220          9  9  2  J
496792174          9  9  3  J
496792250          9  9  0  J
520877632          9  9  1  J
1054266935         9  9  2  J
1088535333         9  9  3  J
1088535398         9  9  0  J
1113116481         9  9  1  J
1670136436         9  9  2  J
1681545625         9  9  3  J
1681545827         9  9  0  J
1724476720         9  9  1  J
2341022353         9  9  2  J
2352885918         9  9  3  J
2352886027         9  9  0  J
2371362689         9  9  1  J
2972753396         9  9  2  J
3017450250         9  9  3  J
3017450335         9  9  0  J
3057994968         9  9  1  J
3587149860         9  9  2  J
3612177744         9  9  3  J
3612177851         9  9  0  J
3635282106         9  9  1  J
4080690136         9  9  2  J
4098614723         9  9  3  J
4098614811         9  9  0  J
4131026496         9  9  1  J
4514370787         9  9  2  J
4525275762         9  9  3  J
4525275885         9  9  0  J
68357              3  3  0  D
20726963           3  3  1  D
120978303          3  3  2  D
149156754          3  3  3  D
149156848          3  3  0  D
168887846          3  3  1  D
719130006          3  3  2  D
740125431          3  3  3  D
740125530          3  3  0  D
769936232          3  3  1  D
1313211463         3  3  2  D
1348240388         3  3  3  D
1348240504         3  3  0  D
1385814473         3  3  1  D
1919172856         3  3  2  D
1952976384         3  3  3  D
1952976499         3  3  0  D
1967876137         3  3  1  D
2620242627         3  3  2  D
2663449271         3  3  3  D
2663449354         3  3  0  D
2696180798         3  3  1  D
3300419073         3  3  2  D
3321658034         3  3  3  D
3321658128         3  3  0  D
3332696519         3  3  1  D
3866911412         3  3  2  D
3914943092         3  3  3  D
3914943167         3  3  0  D
3947246434         3  3  1  D
4346366537         3  3  2  D
4360612753         3  3  3  D
4360612806         3  3  0  D
4404808945         3  3  1  D
4760984842         3  3  2  D
4798203206         3  3  3  D
4798203254         3  3  0  D
62978              10 10 0  K
49299786           10 10 1  K
603608437          10 10 2  K
629692189          10 10 3  K
629692262          10 10 0  K
650684161          10 10 1  K
1198783245         10 10 2  K
1220700918         10 10 3  K
1220700995         10 10 0  K
1233813745         10 10 1  K
1804652208         10 10 2  K
1829125204         10 10 3  K
1829125314         10 10 0  K
1866758737         10 10 1  K
2488969891         10 10 2  K
2529802640         10 10 3  K
2529802715         10 10 0  K
2579853139         10 10 1  K
3152184113         10 10 2  K
3194315928         10 10 3  K
3194316044         10 10 0  K
3219786733         10 10 1  K
3752954803         10 10 2  K
3795784333         10 10 3  K
3795784428         10 10 0  K
3825623814         10 10 1  K
4235231685         10 10 2  K
4276831888         10 10 3  K
4276831976         10 10 0  K
4310284433         10 10 1  K
4695155279         10 10 2  K
4707028459         10 10 3  K
4707028548         10 10 0  K
4719086120         10 10 1  K
5097648622         10 10 2  K
5117763120         10 10 3  K
5117763194         10 10 0  K
64696              12 12 0  M
15788141           12 12 1  M
39898985           12 12 2  M
81899547           12 12 3  M
81899637           12 12 0  M
118724306          12 12 1  M
674498514          12 12 2  M
697781248          12 12 3  M
697781326          12 12 0  M
729388655          12 12 1  M
1261693107         12 12 2  M
1298171687         12 12 3  M
1298171761         12 12 0  M
1325803687         12 12 1  M
1864691254         12 12 2  M
1881171911         12 12 3  M
1881171999         12 12 0  M
1896014213         12 12 1  M
2529819332         12 12 2  M
2566117571         12 12 3  M
2566117672         12 12 0  M
2585760483         12 12 1  M
3194317106         12 12 2  M
3222163403         12 12 3  M
3222163484         12 12 0  M
3238485874         12 12 1  M
3795788250         12 12 2  M
3818525388         12 12 3  M
3818525466         12 12 0  M
3852466573         12 12 1  M
4276832570         12 12 2  M
4307993805         12 12 3  M
4307993873         12 12 0  M
4319846221         12 12 1  M
4707030810         12 12 2  M
4732718671         12 12 3  M
4732718775         12 12 0  M
4749683323         12 12 1  M
5146342876         12 12 2  M
5166879913         12 12 3  M
5166879980         12 12 0  M
5202702814         12 12 1  M
5595674045         12 12 2  M
5630839390         12 12 3  M
5630839462         12 12 0  M
63379              11 11 0  L
14670754           11 11 1  L
28711589           11 11 2  L
39861937           11 11 3  L
39862008           11 11 0  L
83170870           11 11 1  L
629744473          11 11 2  L
674460423          11 11 3  L
674460498          11 11 0  L
709103581          11 11 1  L
1220701671         11 11 2  L
1261659590         11 11 3  L
1261659659         11 11 0  L
1299023831         11 11 1  L
1829127019         11 11 2  L
1864645590         11 11 3  L
1864645674         11 11 0  L
1913121899         11 11 1  L
2566150116         11 11 2  L
2606189287         11 11 3  L
2606189364         11 11 0  L
2627704782         11 11 1  L
3222210383         11 11 2  L
3271161043         11 11 3  L
3271161115         11 11 0  L
3288622748         11 11 1  L
3818574165         11 11 2  L
3866903014         11 11 3  L
3866903090         11 11 0  L
3880010336         11 11 1  L
4308016653         11 11 2  L
4346347163         11 11 3  L
4346347252         11 11 0  L
4369699174         11 11 1  L
4732752273         11 11 2  L
4760983917         11 11 3  L
4760984011         11 11 0  L
4801601394         11 11 1  L
5166932905         11 11 2  L
5206047642         11 11 3  L
5206047718         11 11 0  L
5228664981         11 11 1  L
5630842363         11 11 2  L
5649309113         11 11 3  L
5649309208         11 11 0  L
66799              2  2  0  C
28966834           2  2  1  C
231733831          2  2  2  C
268458078          2  2  3  C
268458168          2  2  0  C
278728421          2  2  1  C
811180225          2  2  2  C
830189256          2  2  3  C
830189340          2  2  0  C
847469079          2  2  1  C
1385336070         2  2  2  C
1426321196         2  2  3  C
1426321288         2  2  0  C
1458747856         2  2  1  C
1983675586         2  2  2  C
2033600266         2  2  3  C
2033600346         2  2  0  C
2076454561         2  2  1  C
2710115798         2  2  2  C
2726228626         2  2  3  C
2726228686         2  2  0  C
2755540747         2  2  1  C
3347265416         2  2  2  C
3384537038         2  2  3  C
3384537118         2  2  0  C
3397405654         2  2  1  C
3956015041         2  2  2  C
3981717346         2  2  3  C
3981717439         2  2  0  C
4002327239         2  2  1  C
4402439950         2  2  2  C
4415783351         2  2  3  C
4415783449         2  2  0  C
4441063834         2  2  1  C
4866453540         2  2  2  C
4884343090         2  2  3  C
4884343159         2  2  0  C
4924338748         2  2  1  C
5264579551         2  2  2  C
5287331075         2  2  3  C
5287331153         2  2  0  C
5316325605         2  2  1  C
5707574433         2  2  2  C
5744066701         2  2  3  C
5744066769         2  2  0  C
66041              17 17 0  R
44526038           17 17 1  R
512067406          17 17 2  R
537067322          17 17 3  R
537067398          17 17 0  R
578120296          17 17 1  R
1099202595         17 17 2  R
1137183368         17 17 3  R
1137183443         17 17 0  R
1154085711         17 17 1  R
1721877717         17 17 2  R
1743260440         17 17 3  R
1743260531         17 17 0  R
1770874655         17 17 1  R
2398682241         17 17 2  R
2428693310         17 17 3  R
2428693381         17 17 0  R
2464048139         17 17 1  R
3056810091         17 17 2  R
3075342878         17 17 3  R
3075342959         17 17 0  R
3122259312         17 17 1  R
3680510070         17 17 2  R
3715203813         17 17 3  R
3715203924         17 17 0  R
3764401450         17 17 1  R
4197532071         17 17 2  R
4235213278         17 17 3  R
4235213378         17 17 0  R
4277889300         17 17 1  R
4649254188         17 17 2  R
4695147994         17 17 3  R
4695148066         17 17 0  R
4740281013         17 17 1  R
5117764001         17 17 2  R
5146324507         17 17 3  R
5146324597         17 17 0  R
5190717694         17 17 1  R
5549024018         17 17 2  R
5595623110         17 17 3  R
5595623190         17 17 0  R
5611144845         17 17 1  R
5924530984         17 17 2  R
5938950806         17 17 3  R
5938950889         17 17 0  R
67727              1  1  0  B
41090362           1  1  1  B
424757069          1  1  2  B
441024243          1  1  3  B
441024319          1  1  0  B
480873762          1  1  1  B
1000548209         1  1  2  B
1026532008         1  1  3  B
1026532066         1  1  0  B
1063528229         1  1  1  B
1590168826         1  1  2  B
1624492918         1  1  3  B
1624493002         1  1  0  B
1635743872         1  1  1  B
2263214910         1  1  2  B
2301159742         1  1  3  B
2301159821         1  1  0  B
2350888633         1  1  1  B
2931546975         1  1  2  B
2972752601         1  1  3  B
2972752678         1  1  0  B
2996114110         1  1  1  B
3557818806         1  1  2  B
3587146077         1  1  3  B
3587146165         1  1  0  B
3635902085         1  1  1  B
4098617561         1  1  2  B
4116528681         1  1  3  B
4116528759         1  1  0  B
4153428414         1  1  1  B
4525278024         1  1  2  B
4543951073         1  1  3  B
4543951158         1  1  0  B
4590000202         1  1  1  B
4985247956         1  1  2  B
5007643244         1  1  3  B
5007643322         1  1  0  B
5032332097         1  1  1  B
5419463314         1  1  2  B
5459783523         1  1  3  B
5459783592         1  1  0  B
5501502236         1  1  1  B
5843643469         1  1  2  B
5873562345         1  1  3  B
5873562433         1  1  0  B
5886668190         1  1  1  B
6122480532         1  1  2  B
6138086579         1  1  3  B
6138086689         1  1  0  B
67485              0  0  0  A
20056466           0  0  1  A
81906773           0  0  2  A
120977367          0  0  3  A
120977455          0  0  0  A
146685614          0  0  1  A
697820888          0  0  2  A
719113429          0  0  3  A
719113503          0  0  0  A
751995597          0  0  1  A
1298172385         0  0  2  A
1313159916         0  0  3  A
1313159984         0  0  0  A
1356915773         0  0  1  A
1881197152         0  0  2  A
1919169133         0  0  3  A
1919169219         0  0  0  A
1962873308         0  0  1  A
2606216565         0  0  2  A
2620189645         0  0  3  A
2620189720         0  0  0  A
2650158582         0  0  1  A
3271162665         0  0  2  A
3300416534         0  0  3  A
3300416622         0  0  0  A
3335269499         0  0  1  A
3914943364         0  0  2  A
3941761106         0  0  3  A
3941761206         0  0  0  A
3963348172         0  0  1  A
4360630777         0  0  2  A
4374755479         0  0  3  A
4374755552         0  0  0  A
4418690783         0  0  1  A
4798216997         0  0  2  A
4836451354         0  0  3  A
4836451456         0  0  0  A
4868679992         0  0  1  A
5206099709         0  0  2  A
5248564545         0  0  3  A
5248564621         0  0  0  A
5273839924         0  0  1  A
5649310291         0  0  2  A
5667617561         0  0  3  A
5667617640         0  0  0  A
5690892334         0  0  1  A
5938999375         0  0  2  A
5950146153         0  0  3  A
5950146215         0  0  0  A
5972015405         0  0  1  A
6199640088         0  0  2  A
6226059873         0  0  3  A
6226059961         0  0  0  A
55851              8  8  0  I
21754017           8  8  1  I
149209802          8  8  2  I
190534103          8  8  3  I
190534183          8  8  0  I
235843680          8  8  1  I
740126379          8  8  2  I
768602998          8  8  3  I
768603078          8  8  0  I
806510403          8  8  1  I
1348293372         8  8  2  I
1385334711         8  8  3  I
1385334791         8  8  0  I
1420077589         8  8  1  I
1952977473         8  8  2  I
1983626232         8  8  3  I
1983626414         8  8  0  I
2014421013         8  8  1  I
2663452128         8  8  2  I
2710092226         8  8  3  I
2710092295         8  8  0  I
2748837516         8  8  1  I
3321710159         8  8  2  I
3347264307         8  8  3  I
3347264411         8  8  0  I
3361123206         8  8  1  I
3941774567         8  8  2  I
3956012377         8  8  3  I
3956012465         8  8  0  I
3989971941         8  8  1  I
4374782226         8  8  2  I
4402392059         8  8  3  I
4402392139         8  8  0  I
4450115509         8  8  1  I
4884395209         8  8  2  I
4904021903         8  8  3  I
4904021977         8  8  0  I
4950231646         8  8  1  I
5287334176         8  8  2  I
5315536170         8  8  3  I
5315536244         8  8  0  I
5340683930         8  8  1  I
5744122585         8  8  2  I
5767220915         8  8  3  I
5767220989         8  8  0  I
5812146539         8  8  1  I
5969626887         8  8  2  I
6016635022         8  8  3  I
6016635113         8  8  0  I
6065217107         8  8  1  I
6237578485         8  8  2  I
6260247002         8  8  3  I
6260247073         8  8  0  I
6286701373         8  8  1  I
6427126211         8  8  2  I
6474712577         8  8  3  I
6474712643         8  8  0  I
69402              7  7  0  H
40164902           7  7  1  H
401143790          7  7  2  H
424750828          7  7  3  H
424750894          7  7  0  H
446422680          7  7  1  H
965685773          7  7  2  H
1000547033         7  7  3  H
1000547128         7  7  0  H
1032268066         7  7  1  H
1560252930         7  7  2  H
1590126200         7  7  3  H
1590126295         7  7  0  H
1615198120         7  7  1  H
2229748301         7  7  2  H
2263213792         7  7  3  H
2263213882         7  7  0  H
2288246820         7  7  1  H
2891842358         7  7  2  H
2931530147         7  7  3  H
2931530228         7  7  0  H
2978425136         7  7  1  H
3516912376         7  7  2  H
3557791729         7  7  3  H
3557791821         7  7  0  H
3584422914         7  7  1  H
4057551892         7  7  2  H
4080639362         7  7  3  H
4080639433         7  7  0  H
4107514200         7  7  1  H
4482467395         7  7  2  H
4514325865         7  7  3  H
4514325938         7  7  0  H
4561874933         7  7  1  H
4955385905         7  7  2  H
4985205592         7  7  3  H
4985205681         7  7  0  H
5014843697         7  7  1  H
5369938418         7  7  2  H
5419431085         7  7  3  H
5419431150         7  7  0  H
5465260211         7  7  1  H
5816877908         7  7  2  H
5843631553         7  7  3  H
5843631619         7  7  0  H
5868553614         7  7  1  H
6104122091         7  7  2  H
6122426685         7  7  3  H
6122426766         7  7  0  H
6164158913         7  7  1  H
6318599800         7  7  2  H
6340919115         7  7  3  H
6340919185         7  7  0  H
6369977008         7  7  1  H
6518428180         7  7  2  H
6559189713         7  7  3  H
6559189798         7  7  0  H
6585420655         7  7  1  H
6740941050         7  7  2  H
6752086897         7  7  3  H
6752086967         7  7  0  H
68136              5  5  0  F
41872697           5  5  1  F
441028577          5  5  2  F
461071546          5  5  3  F
461071648          5  5  0  F
508111904          5  5  1  F
1026568854         5  5  2  F
1054266728         5  5  3  F
1054266787         5  5  0  F
1088381156         5  5  1  F
1624515906         5  5  2  F
1670133723         5  5  3  F
1670133794         5  5  0  F
1708553159         5  5  1  F
2301209993         5  5  2  F
2341009392         5  5  3  F
2341009494         5  5  0  F
2375200261         5  5  1  F
3017456870         5  5  2  F
3037590808         5  5  3  F
3037590900         5  5  0  F
3074220770         5  5  1  F
3612178435         5  5  2  F
3657993512         5  5  3  F
3657993629         5  5  0  F
3682378782         5  5  1  F
4116583230         5  5  2  F
4157789811         5  5  3  F
4157789877         5  5  0  F
4200512680         5  5  1  F
4544004230         5  5  2  F
4568592628         5  5  3  F
4568592735         5  5  0  F
4614967446         5  5  1  F
5007666545         5  5  2  F
5036933795         5  5  3  F
5036933906         5  5  0  F
5056465714         5  5  1  F
5459786008         5  5  2  F
5487843490         5  5  3  F
5487843562         5  5  0  F
5507910770         5  5  1  F
5873566015         5  5  2  F
5889528851         5  5  3  F
5889528962         5  5  0  F
5925680475         5  5  1  F
6138117019         5  5  2  F
6173694474         5  5  3  F
6173694575         5  5  0  F
6222553163         5  5  1  F
6396817248         5  5  2  F
6407397712         5  5  3  F
6407397757         5  5  0  F
6424700927         5  5  1  F
6606540992         5  5  2  F
6619401852         5  5  3  F
6619401926         5  5  0  F
6639766095         5  5  1  F
6752117671         5  5  2  F
6766328917         5  5  3  F
6766328978         5  5  0  F
65700              16 16 0  Q
45773818           16 16 1  Q
537071640          16 16 2  Q
561357950          16 16 3  Q
561358027          16 16 0  Q
610089614          16 16 1  Q
1137202250         16 16 2  Q
1166719760         16 16 3  Q
1166719852         16 16 0  Q
1207366568         16 16 1  Q
1743304304         16 16 2  Q
1765642951         16 16 3  Q
1765643028         16 16 0  Q
1785155379         16 16 1  Q
2428700952         16 16 2  Q
2445240956         16 16 3  Q
2445241040         16 16 0  Q
2471893100         16 16 1  Q
3075365026         16 16 2  Q
3123754562         16 16 3  Q
3123754681         16 16 0  Q
3164380918         16 16 1  Q
3715241331         16 16 2  Q
3726909548         16 16 3  Q
3726909620         16 16 0  Q
3750531043         16 16 1  Q
4183366216         16 16 2  Q
4197523277         16 16 3  Q
4197523353         16 16 0  Q
4229691042         16 16 1  Q
4608291906         16 16 2  Q
4649199278         16 16 3  Q
4649199360         16 16 0  Q
4669086582         16 16 1  Q
5085162357         16 16 2  Q
5097601035         16 16 3  Q
5097601125         16 16 0  Q
5138000116         16 16 1  Q
5501854448         16 16 2  Q
5548974973         16 16 3  Q
5548975053         16 16 0  Q
5572133625         16 16 1  Q
5908419278         16 16 2  Q
5924485918         16 16 3  Q
5924486002         16 16 0  Q
5970751652         16 16 1  Q
6187838121         16 16 2  Q
6199629000         16 16 3  Q
6199629084         16 16 0  Q
6215120638         16 16 1  Q
6371654731         16 16 2  Q
6396816470         16 16 3  Q
6396816553         16 16 0  Q
6445619613         16 16 1  Q
6619402820         16 16 2  Q
6644878325         16 16 3  Q
6644878390         16 16 0  Q
6667449778         16 16 1  Q
6778282698         16 16 2  Q
6789420007         16 16 3  Q
6789420094         16 16 0  Q
65032              13 13 0  N
43785165           13 13 1  N
496799026          13 13 2  N
512023041          13 13 3  N
512023116          13 13 0  N
536080341          13 13 1  N
1088589590         13 13 2  N
1099199410         13 13 3  N
1099199478         13 13 0  N
1141417717         13 13 1  N
1681555311         13 13 2  N
1721824467         13 13 3  N
1721824577         13 13 0  N
1753132140         13 13 1  N
2352921954         13 13 2  N
2398628640         13 13 3  N
2398628710         13 13 0  N
2447856759         13 13 1  N
3037591792         13 13 2  N
3056808998         13 13 3  N
3056809070         13 13 0  N
3080658449         13 13 1  N
3658047857         13 13 2  N
3680463726         13 13 3  N
3680463813         13 13 0  N
3707461946         13 13 1  N
4157844348         13 13 2  N
4183319646         13 13 3  N
4183319822         13 13 0  N
4219756251         13 13 1  N
4568609191         13 13 2  N
4608259971         13 13 3  N
4608260039         13 13 0  N
4625372035         13 13 1  N
5036935318         13 13 2  N
5085159810         13 13 3  N
5085159908         13 13 0  N
5104527462         13 13 1  N
5487844519         13 13 2  N
5501844755         13 13 3  N
5501844873         13 13 0  N
5532822131         13 13 1  N
5889529587         13 13 2  N
5908418442         13 13 3  N
5908418559         13 13 0  N
5925688927         13 13 1  N
6173747919         13 13 2  N
6187784129         13 13 3  N
6187784222         13 13 0  N
6209279070         13 13 1  N
6340973125         13 13 2  N
6371607413         13 13 3  N
6371607479         13 13 0  N
6406766202         13 13 1  N
6559211503         13 13 2  N
6606538858         13 13 3  N
6606538941         13 13 0  N
6641718209         13 13 1  N
6766381953         13 13 2  N
6778239812         13 13 3  N
6778239913         13 13 0  N
6809088665         13 13 1  N
6885474731         13 13 2  N
6899021373         13 13 3  N
6899021471         13 13 0  N
6909220460         13 13 1  N
6971579078         13 13 2  N
6996084956         13 13 3  N
6996085026         13 13 0  N
7039400274         13 13 1  N
7059727540         13 13 2  N
7076221648         13 13 3  N
7076221701         13 13 0  N
66250              18 18 0  S
39292328           18 18 1  S
364925384          18 18 2  S
401090064          18 18 3  S
401090142          18 18 0  S
435912313          18 18 1  S
938341931          18 18 2  S
965681835          18 18 3  S
965681929          18 18 0  S
977481185          18 18 1  S
1529674062         18 18 2  S
1560218631         18 18 3  S
1560218730         18 18 0  S
1597603882         18 18 1  S
2181956372         18 18 2  S
2229701381         18 18 3  S
2229701461         18 18 0  S
2272722291         18 18 1  S
2843954591         18 18 2  S
2891785332         18 18 3  S
2891785440         18 18 0  S
2921631621         18 18 1  S
3480241102         18 18 2  S
3516870004         18 18 3  S
3516870089         18 18 0  S
3548610870         18 18 1  S
4040337524         18 18 2  S
4057551229         18 18 3  S
4057551302         18 18 0  S
4072695832         18 18 1  S
4462068793         18 18 2  S
4482463131         18 18 3  S
4482463221         18 18 0  S
4531739572         18 18 1  S
4941750911         18 18 2  S
4955350463         18 18 3  S
4955350549         18 18 0  S
4998736556         18 18 1  S
5330649380         18 18 2  S
5369885854         18 18 3  S
5369885930         18 18 0  S
5404961069         18 18 1  S
5801762403         18 18 2  S
5816851055         18 18 3  S
5816851131         18 18 0  S
5857747695         18 18 1  S
6060966713         18 18 2  S
6104116485         18 18 3  S
6104116568         18 18 0  S
6138898434         18 18 1  S
6301075182         18 18 2  S
6318599303         18 18 3  S
6318599378         18 18 0  S
6354395636         18 18 1  S
6490977666         18 18 2  S
6518424814         18 18 3  S
6518424891         18 18 0  S
6540044244         18 18 1  S
6695784976         18 18 2  S
6740891531         18 18 3  S
6740891601         18 18 0  S
6783223513         18 18 1  S
6848112788         18 18 2  S
6885469902         18 18 3  S
6885469960         18 18 0  S
6926098805         18 18 1  S
6996118951         18 18 2  S
7018808634         18 18 3  S
7018808700         18 18 0  S
7060774970         18 18 1  S
7076270528         18 18 2  S
7124088744         18 18 3  S
7124088827         18 18 0  S
23715              19 19 0  T
31947265           19 19 1  T
335903148          19 19 2  T
364924449          19 19 3  T
364924552          19 19 0  T
395458063          19 19 1  T
897050813          19 19 2  T
938295751          19 19 3  T
938295834          19 19 0  T
954038197          19 19 1  T
1518978203         19 19 2  T
1529616926         19 19 3  T
1529616995         19 19 0  T
1540217525         19 19 1  T
2105985778         19 19 2  T
2146094828         19 19 3  T
2146094900         19 19 0  T
2167682043         19 19 1  T
2800681198         19 19 2  T
2821359611         19 19 3  T
2821359685         19 19 0  T
2835881615         19 19 1  T
3416920500         19 19 2  T
3434873559         19 19 3  T
3434873652         19 19 0  T
3473407939         19 19 1  T
3981765440         19 19 2  T
4004194553         19 19 3  T
4004194674         19 19 0  T
4035144265         19 19 1  T
4415788006         19 19 2  T
4429582816         19 19 3  T
4429582902         19 19 0  T
4440416711         19 19 1  T
4836462353         19 19 2  T
4866450508         19 19 3  T
4866450577         19 19 0  T
4894117540         19 19 1  T
5248572094         19 19 2  T
5264529036         19 19 3  T
5264529126         19 19 0  T
5304747882         19 19 1  T
5667671244         19 19 2  T
5707558308         19 19 3  T
5707558390         19 19 0  T
5747785425         19 19 1  T
5950199238         19 19 2  T
5969594501         19 19 3  T
5969594573         19 19 0  T
6000892731         19 19 1  T
6226077974         19 19 2  T
6237555689         19 19 3  T
6237555786         19 19 0  T
6271936075         19 19 1  T
6407437463         19 19 2  T
6427072432         19 19 3  T
6427072501         19 19 0  T
6456496192         19 19 1  T
6644929893         19 19 2  T
6675930578         19 19 3  T
6675930651         19 19 0  T
6718331358         19 19 1  T
6789430359         19 19 2  T
6826027392         19 19 3  T
6826027468         19 19 0  T
6852546171         19 19 1  T
6899032743         19 19 2  T
6934975599         19 19 3  T
6934975709         19 19 0  T
6959046404         19 19 1  T
7018842736         19 19 2  T
7047947102         19 19 3  T
7047947162         19 19 0  T
7067782476         19 19 1  T
7124143714         19 19 2  T
7142813149         19 19 3  T
7142813204         19 19 0  T
69077              6  6  0  G
31085836           6  6  1  G
287621070          6  6  2  G
335863987          6  6  3  G
335864070          6  6  0  G
363341128          6  6  1  G
876132091          6  6  2  G
896996169          6  6  3  G
896996250          6  6  0  G
924600381          6  6  1  G
1494093337         6  6  2  G
1518945964         6  6  3  G
1518946059         6  6  0  G
1540559688         6  6  1  G
2146096990         6  6  2  G
2181954192         6  6  3  G
2181954280         6  6  0  G
2204577792         6  6  1  G
2821360316         6  6  2  G
2843945420         6  6  3  G
2843945527         6  6  0  G
2892133150         6  6  1  G
3434886879         6  6  2  G
3480202775         6  6  3  G
3480202859         6  6  0  G
3514843804         6  6  1  G
4004202783         6  6  2  G
4040288091         6  6  3  G
4040288177         6  6  0  G
4052349670         6  6  1  G
4429616485         6  6  2  G
4462040126         6  6  3  G
4462040235         6  6  0  G
4503581014         6  6  1  G
4904062663         6  6  2  G
4941696677         6  6  3  G
4941696744         6  6  0  G
4974753493         6  6  1  G
5315589372         6  6  2  G
5330629947         6  6  3  G
5330630017         6  6  0  G
5346553930         6  6  1  G
5767237152         6  6  2  G
5801761514         6  6  3  G
5801761580         6  6  0  G
5851486163         6  6  1  G
6016668232         6  6  2  G
6060913748         6  6  3  G
6060913823         6  6  0  G
6098790887         6  6  1  G
6260298929         6  6  2  G
6301058787         6  6  3  G
6301058874         6  6  0  G
6331069644         6  6  1  G
6474724280         6  6  2  G
6490932814         6  6  3  G
6490932886         6  6  0  G
6529232914         6  6  1  G
6675957312         6  6  2  G
6695765506         6  6  3  G
6695765571         6  6  0  G
6719206115         6  6  1  G
6826076727         6  6  2  G
6848092211         6  6  3  G
6848092291         6  6  0  G
6876809476         6  6  1  G
6935027698         6  6  2  G
6971533664         6  6  3  G
6971533743         6  6  0  G
7006168243         6  6  1  G
7047947947         6  6  2  G
7059709906         6  6  3  G
7059709984         6  6  0  G
7092696342         6  6  1  G
7142854204         6  6  2  G
7175521368         6  6  3  G
7175521455         6  6  0  G
-1 20 20 4 LOCAL_SECTION;ENTRY_PROTOCOL;CRITICAL_SECTION;EXIT_PROTOCOL;ALGORITHM=Bakery;
