 0.001689221  1  1  0  B
 0.002397515  1  1  0  B
 0.038612913  1  1  1  B
 0.308583606  1  1  2  B
 0.337708843  1  1  3  B
 0.337708976  1  1  0  B
 0.369487051  1  1  1  B
 0.943626266  1  1  2  B
 0.964316181  1  1  3  B
 0.964316271  1  1  0  B
 0.997701637  1  1  1  B
 1.532794276  1  1  2  B
 1.546130982  1  1  3  B
 1.546131118  1  1  0  B
 1.589064506  1  1  1  B
 2.100576649  1  1  2  B
 2.123777158  1  1  3  B
 2.123777297  1  1  0  B
 2.173595351  1  1  1  B
 2.738358359  1  1  2  B
 2.778143362  1  1  3  B
 2.778143472  1  1  0  B
 2.819306729  1  1  1  B
 3.412395986  1  1  2  B
 3.455464625  1  1  3  B
 3.455464720  1  1  0  B
 3.500247598  1  1  1  B
 4.020776905  1  1  2  B
 4.038931577  1  1  3  B
 4.038931693  1  1  0  B
 4.051731166  1  1  1  B
 4.656621547  1  1  2  B
 4.676935604  1  1  3  B
 4.676935720  1  1  0  B
 4.701987518  1  1  1  B
 5.274558232  1  1  2  B
 5.298878373  1  1  3  B
 5.298878486  1  1  0  B
 5.326144686  1  1  1  B
 5.804262895  1  1  2  B
 5.826035443  1  1  3  B
 5.826035564  1  1  0  B
 5.858612585  1  1  1  B
 6.434985780  1  1  2  B
 6.476504289  1  1  3  B
 6.476504415  1  1  0  B
 6.512035773  1  1  1  B
 7.052619612  1  1  2  B
 7.081758198  1  1  3  B
 7.081758280  1  1  0  B
 0.002096985  11  11  0  L
 0.002405430  11  11  0  L
 0.020486763  11  11  1  L
 0.169434015  11  11  2  L
 0.197492823  11  11  3  L
 0.197492926  11  11  0  L
 0.230046347  11  11  1  L
 0.807303160  11  11  2  L
 0.827891385  11  11  3  L
 0.827891484  11  11  0  L
 0.858987286  11  11  1  L
 1.384902064  11  11  2  L
 1.423249601  11  11  3  L
 1.423249747  11  11  0  L
 1.451611318  11  11  1  L
 1.941720682  11  11  2  L
 1.974144310  11  11  3  L
 1.974144417  11  11  0  L
 1.997501595  11  11  1  L
 2.576562815  11  11  2  L
 2.607040657  11  11  3  L
 2.607040807  11  11  0  L
 2.639355169  11  11  1  L
 3.201256552  11  11  2  L
 3.225685843  11  11  3  L
 3.225685944  11  11  0  L
 3.275416146  11  11  1  L
 3.858129468  11  11  2  L
 3.868265732  11  11  3  L
 3.868265875  11  11  0  L
 3.881754894  11  11  1  L
 4.468143832  11  11  2  L
 4.482239631  11  11  3  L
 4.482239753  11  11  0  L
 4.515519122  11  11  1  L
 5.087038041  11  11  2  L
 5.120509727  11  11  3  L
 5.120509836  11  11  0  L
 5.138988415  11  11  1  L
 5.626283492  11  11  2  L
 5.662448951  11  11  3  L
 5.662449054  11  11  0  L
 5.710022344  11  11  1  L
 6.223511545  11  11  2  L
 6.266160648  11  11  3  L
 6.266160764  11  11  0  L
 6.285437994  11  11  1  L
 6.865029368  11  11  2  L
 6.875415944  11  11  3  L
 6.875416064  11  11  0  L
 6.899733363  11  11  1  L
 7.380901950  11  11  2  L
 7.394934398  11  11  3  L
 7.394934494  11  11  0  L
 7.410929542  11  11  1  L
 7.850089505  11  11  2  L
 7.869950638  11  11  3  L
 7.869950748  11  11  0  L
 0.002011968  9  9  0  J
 0.002452884  9  9  0  J
 0.049435183  9  9  1  J
 0.537151696  9  9  2  J
 0.581699449  9  9  3  J
 0.581699615  9  9  0  J
 0.599733364  9  9  1  J
 1.133298498  9  9  2  J
 1.170073871  9  9  3  J
 1.170073960  9  9  0  J
 1.181346487  9  9  1  J
 1.713757965  9  9  2  J
 1.749221751  9  9  3  J
 1.749221816  9  9  0  J
 1.774348441  9  9  1  J
 2.321677697  9  9  2  J
 2.365766631  9  9  3  J
 2.365766762  9  9  0  J
 2.380850643  9  9  1  J
 2.926770203  9  9  2  J
 2.969575358  9  9  3  J
 2.969575468  9  9  0  J
 2.981007754  9  9  1  J
 3.620043216  9  9  2  J
 3.641276949  9  9  3  J
 3.641277107  9  9  0  J
 3.685008849  9  9  1  J
 4.260462832  9  9  2  J
 4.278532084  9  9  3  J
 4.278532191  9  9  0  J
 4.313915092  9  9  1  J
 4.879784234  9  9  2  J
 4.912990278  9  9  3  J
 4.912990365  9  9  0  J
 4.933226627  9  9  1  J
 5.439037869  9  9  2  J
 5.470288069  9  9  3  J
 5.470288203  9  9  0  J
 5.511251459  9  9  1  J
 6.003889961  9  9  2  J
 6.050317654  9  9  3  J
 6.050317739  9  9  0  J
 6.076053442  9  9  1  J
 6.679147348  9  9  2  J
 6.693407847  9  9  3  J
 6.693407979  9  9  0  J
 6.708317916  9  9  1  J
 7.234665244  9  9  2  J
 7.269416716  9  9  3  J
 7.269416854  9  9  0  J
 7.289698256  9  9  1  J
 7.674400449  9  9  2  J
 7.715665120  9  9  3  J
 7.715665245  9  9  0  J
 7.751356689  9  9  1  J
 8.272316169  9  9  2  J
 8.309771795  9  9  3  J
 8.309771950  9  9  0  J
 0.001779663  3  3  0  D
 0.002398629  3  3  0  D
 0.049599911  3  3  1  D
 0.581751864  3  3  2  D
 0.629807998  3  3  3  D
 0.629808115  3  3  0  D
 0.663996477  3  3  1  D
 1.170126007  3  3  2  D
 1.180727741  3  3  3  D
 1.180727872  3  3  0  D
 1.204720222  3  3  1  D
 1.749259230  3  3  2  D
 1.790419629  3  3  3  D
 1.790419764  3  3  0  D
 1.816850114  3  3  1  D
 2.365779751  3  3  2  D
 2.406097708  3  3  3  D
 2.406097813  3  3  0  D
 2.429380478  3  3  1  D
 2.969619625  3  3  2  D
 2.995197096  3  3  3  D
 2.995197213  3  3  0  D
 3.015721701  3  3  1  D
 3.641312663  3  3  2  D
 3.687092095  3  3  3  D
 3.687092248  3  3  0  D
 3.718343297  3  3  1  D
 4.278551112  3  3  2  D
 4.291465283  3  3  3  D
 4.291465415  3  3  0  D
 4.312158238  3  3  1  D
 4.844742485  3  3  2  D
 4.879774959  3  3  3  D
 4.879775102  3  3  0  D
 4.908196757  3  3  1  D
 5.417788818  3  3  2  D
 5.438988559  3  3  3  D
 5.438988694  3  3  0  D
 5.450934019  3  3  1  D
 5.981754057  3  3  2  D
 6.003835423  3  3  3  D
 6.003835566  3  3  0  D
 6.031946524  3  3  1  D
 6.637525920  3  3  2  D
 6.679094135  3  3  3  D
 6.679094271  3  3  0  D
 6.728195441  3  3  1  D
 7.269428061  3  3  2  D
 7.302443505  3  3  3  D
 7.302443650  3  3  0  D
 7.344585114  3  3  1  D
 7.715677171  3  3  2  D
 7.729752433  3  3  3  D
 7.729752529  3  3  0  D
 7.772584372  3  3  1  D
 8.309807532  3  3  2  D
 8.348533628  3  3  3  D
 8.348533741  3  3  0  D
 0.001727386  2  2  0  C
 0.002452883  2  2  0  C
 0.014510936  2  2  1  C
 0.014511315  2  2  2  C
 0.058325195  2  2  3  C
 0.058325317  2  2  0  C
 0.100426031  2  2  1  C
 0.696694602  2  2  2  C
 0.732101515  2  2  3  C
 0.732101632  2  2  0  C
 0.761011139  2  2  1  C
 1.253551879  2  2  2  C
 1.299089681  2  2  3  C
 1.299089792  2  2  0  C
 1.310002247  2  2  1  C
 1.846101842  2  2  2  C
 1.857264754  2  2  3  C
 1.857264879  2  2  0  C
 1.895998139  2  2  1  C
 2.461290559  2  2  2  C
 2.494327662  2  2  3  C
 2.494327788  2  2  0  C
 2.539944244  2  2  1  C
 3.048049923  2  2  2  C
 3.089553403  2  2  3  C
 3.089553534  2  2  0  C
 3.124582555  2  2  1  C
 3.732475922  2  2  2  C
 3.743198896  2  2  3  C
 3.743199040  2  2  0  C
 3.756984456  2  2  1  C
 4.354606360  2  2  2  C
 4.400579713  2  2  3  C
 4.400579801  2  2  0  C
 4.421240209  2  2  1  C
 4.957977966  2  2  2  C
 4.978241593  2  2  3  C
 4.978241683  2  2  0  C
 5.024668115  2  2  1  C
 5.516621171  2  2  2  C
 5.556463925  2  2  3  C
 5.556464056  2  2  0  C
 5.596797770  2  2  1  C
 6.110481092  2  2  2  C
 6.154440289  2  2  3  C
 6.154440410  2  2  0  C
 6.165615851  2  2  1  C
 6.761863095  2  2  2  C
 6.798028783  2  2  3  C
 6.798028883  2  2  0  C
 6.819298927  2  2  1  C
 7.336473881  2  2  2  C
 7.356157390  2  2  3  C
 7.356157510  2  2  0  C
 7.370127357  2  2  1  C
 7.786295176  2  2  2  C
 7.806935319  2  2  3  C
 7.806935485  2  2  0  C
 7.845063752  2  2  1  C
 8.416742158  2  2  2  C
 8.465969992  2  2  3  C
 8.465970096  2  2  0  C
 8.512822266  2  2  1  C
 8.933646181  2  2  2  C
 8.978987851  2  2  3  C
 8.978987967  2  2  0  C
 0.002137310  12  12  0  M
 0.002405038  12  12  0  M
 0.048641112  12  12  1  M
 0.505007767  12  12  2  M
 0.537116517  12  12  3  M
 0.537116650  12  12  0  M
 0.564103829  12  12  1  M
 1.090339662  12  12  2  M
 1.133247479  12  12  3  M
 1.133247607  12  12  0  M
 1.171251282  12  12  1  M
 1.697614662  12  12  2  M
 1.713730031  12  12  3  M
 1.713730173  12  12  0  M
 1.742446886  12  12  1  M
 2.285459432  12  12  2  M
 2.321629956  12  12  3  M
 2.321630049  12  12  0  M
 2.353543182  12  12  1  M
 2.910178528  12  12  2  M
 2.926719489  12  12  3  M
 2.926719640  12  12  0  M
 2.964157425  12  12  1  M
 3.595988864  12  12  2  M
 3.619997226  12  12  3  M
 3.619997368  12  12  0  M
 3.637711924  12  12  1  M
 4.223773973  12  12  2  M
 4.260424164  12  12  3  M
 4.260424267  12  12  0  M
 4.287569808  12  12  1  M
 4.804980634  12  12  2  M
 4.844740167  12  12  3  M
 4.844740301  12  12  0  M
 4.864845525  12  12  1  M
 5.407410335  12  12  2  M
 5.417779913  12  12  3  M
 5.417780030  12  12  0  M
 5.428054066  12  12  1  M
 5.953879126  12  12  2  M
 5.967732693  12  12  3  M
 5.967732810  12  12  0  M
 5.998387543  12  12  1  M
 6.573743943  12  12  2  M
 6.620041104  12  12  3  M
 6.620041204  12  12  0  M
 6.638878755  12  12  1  M
 7.141409567  12  12  2  M
 7.184836153  12  12  3  M
 7.184836257  12  12  0  M
 7.206446506  12  12  1  M
 7.618087500  12  12  2  M
 7.631675338  12  12  3  M
 7.631675554  12  12  0  M
 7.672473864  12  12  1  M
 8.199302124  12  12  2  M
 8.224897950  12  12  3  M
 8.224898058  12  12  0  M
 8.251411537  12  12  1  M
 8.808155492  12  12  2  M
 8.832511198  12  12  3  M
 8.832511287  12  12  0  M
 8.876048971  12  12  1  M
 9.318551490  12  12  2  M
 9.329699221  12  12  3  M
 9.329699289  12  12  0  M
 0.001902120  6  6  0  G
 0.002452750  6  6  0  G
 0.041952774  6  6  1  G
 0.470580676  6  6  2  G
 0.504956983  6  6  3  G
 0.504957090  6  6  0  G
 0.535146833  6  6  1  G
 1.047878822  6  6  2  G
 1.090303673  6  6  3  G
 1.090303783  6  6  0  G
 1.113352981  6  6  1  G
 1.674295060  6  6  2  G
 1.697581889  6  6  3  G
 1.697581982  6  6  0  G
 1.712670993  6  6  1  G
 2.274927676  6  6  2  G
 2.285437233  6  6  3  G
 2.285437375  6  6  0  G
 2.314111205  6  6  1  G
 2.861914684  6  6  2  G
 2.910164941  6  6  3  G
 2.910165076  6  6  0  G
 2.922417325  6  6  1  G
 3.554715796  6  6  2  G
 3.595942905  6  6  3  G
 3.595943063  6  6  0  G
 3.636620439  6  6  1  G
 4.186070012  6  6  2  G
 4.223731783  6  6  3  G
 4.223731964  6  6  0  G
 4.246024329  6  6  1  G
 4.790289756  6  6  2  G
 4.804931178  6  6  3  G
 4.804931282  6  6  0  G
 4.844053182  6  6  1  G
 5.375620800  6  6  2  G
 5.407407467  6  6  3  G
 5.407407610  6  6  0  G
 5.433237999  6  6  1  G
 5.967769006  6  6  2  G
 5.981752688  6  6  3  G
 5.981752769  6  6  0  G
 6.004819992  6  6  1  G
 6.620083605  6  6  2  G
 6.637516825  6  6  3  G
 6.637516912  6  6  0  G
 6.675255738  6  6  1  G
 7.184878523  6  6  2  G
 7.234614976  6  6  3  G
 7.234615095  6  6  0  G
 7.266988889  6  6  1  G
 7.631726491  6  6  2  G
 7.674375079  6  6  3  G
 7.674375145  6  6  0  G
 7.708298338  6  6  1  G
 8.224902891  6  6  2  G
 8.272265133  6  6  3  G
 8.272265339  6  6  0  G
 8.301278072  6  6  1  G
 8.832528522  6  6  2  G
 8.878242754  6  6  3  G
 8.878242829  6  6  0  G
 8.905549009  6  6  1  G
 9.329752676  6  6  2  G
 9.363756456  6  6  3  G
 9.363756595  6  6  0  G
 0.001974571  8  8  0  I
 0.002406677  8  8  0  I
 0.017279665  8  8  1  I
 0.091038059  8  8  2  I
 0.123253514  8  8  3  I
 0.123253684  8  8  0  I
 0.157668184  8  8  1  I
 0.743143534  8  8  2  I
 0.779722211  8  8  3  I
 0.779722316  8  8  0  I
 0.819189814  8  8  1  I
 1.317966113  8  8  2  I
 1.346532140  8  8  3  I
 1.346532206  8  8  0  I
 1.376034201  8  8  1  I
 1.891984217  8  8  2  I
 1.905777762  8  8  3  I
 1.905777829  8  8  0  I
 1.939359958  8  8  1  I
 2.517316160  8  8  2  I
 2.545331206  8  8  3  I
 2.545331291  8  8  0  I
 2.590343608  8  8  1  I
 3.115141842  8  8  2  I
 3.153649467  8  8  3  I
 3.153649630  8  8  0  I
 3.187044061  8  8  1  I
 3.776673165  8  8  2  I
 3.815520687  8  8  3  I
 3.815520815  8  8  0  I
 3.864954308  8  8  1  I
 4.417717830  8  8  2  I
 4.431943231  8  8  3  I
 4.431943383  8  8  0  I
 4.465010345  8  8  1  I
 5.014393980  8  8  2  I
 5.043094968  8  8  3  I
 5.043095093  8  8  0  I
 5.075934484  8  8  1  I
 5.587038338  8  8  2  I
 5.605010849  8  8  3  I
 5.605010944  8  8  0  I
 5.649435428  8  8  1  I
 6.202020122  8  8  2  I
 6.223459479  8  8  3  I
 6.223459603  8  8  0  I
 6.238723527  8  8  1  I
 6.822150702  8  8  2  I
 6.846613485  8  8  3  I
 6.846613683  8  8  0  I
 6.890345209  8  8  1  I
 7.368156341  8  8  2  I
 7.380851658  8  8  3  I
 7.380851784  8  8  0  I
 7.417250549  8  8  1  I
 7.869983726  8  8  2  I
 7.893935031  8  8  3  I
 7.893935179  8  8  0  I
 7.927305578  8  8  1  I
 8.488369218  8  8  2  I
 8.533112552  8  8  3  I
 8.533112614  8  8  0  I
 8.550972045  8  8  1  I
 9.008741277  8  8  2  I
 9.031082865  8  8  3  I
 9.031082995  8  8  0  I
 9.068496181  8  8  1  I
 9.464291895  8  8  2  I
 9.502657320  8  8  3  I
 9.502657399  8  8  0  I
 9.516647623  8  8  1  I
 9.802337232  8  8  2  I
 9.842459073  8  8  3  I
 9.842459180  8  8  0  I
 0.002384406  18  18  0  S
 0.002412695  18  18  0  S
 0.039976241  18  18  1  S
 0.421560134  18  18  2  S
 0.447305324  18  18  3  S
 0.447305447  18  18  0  S
 0.458411614  18  18  1  S
 0.992853672  18  18  2  S
 1.004511910  18  18  3  S
 1.004512014  18  18  0  S
 1.040317395  18  18  1  S
 1.590341976  18  18  2  S
 1.631573284  18  18  3  S
 1.631573394  18  18  0  S
 1.661032796  18  18  1  S
 2.215139565  18  18  2  S
 2.256136951  18  18  3  S
 2.256137074  18  18  0  S
 2.302874467  18  18  1  S
 2.831770658  18  18  2  S
 2.861885984  18  18  3  S
 2.861886084  18  18  0  S
 2.893555738  18  18  1  S
 3.516138560  18  18  2  S
 3.554666233  18  18  3  S
 3.554666385  18  18  0  S
 3.594023833  18  18  1  S
 4.137375119  18  18  2  S
 4.186040127  18  18  3  S
 4.186040238  18  18  0  S
 4.204090822  18  18  1  S
 4.748475211  18  18  2  S
 4.790280584  18  18  3  S
 4.790280697  18  18  0  S
 4.827626344  18  18  1  S
 5.344928928  18  18  2  S
 5.375575494  18  18  3  S
 5.375575602  18  18  0  S
 5.388580365  18  18  1  S
 5.911351955  18  18  2  S
 5.953828901  18  18  3  S
 5.953829017  18  18  0  S
 5.969202245  18  18  1  S
 6.526775885  18  18  2  S
 6.573719415  18  18  3  S
 6.573719616  18  18  0  S
 6.588517154  18  18  1  S
 7.110368290  18  18  2  S
 7.141384693  18  18  3  S
 7.141384832  18  18  0  S
 7.181623600  18  18  1  S
 7.602498277  18  18  2  S
 7.618083863  18  18  3  S
 7.618083969  18  18  0  S
 7.644744098  18  18  1  S
 8.113771572  18  18  2  S
 8.152158728  18  18  3  S
 8.152158846  18  18  0  S
 8.192049781  18  18  1  S
 8.723997071  18  18  2  S
 8.772613271  18  18  3  S
 8.772613397  18  18  0  S
 8.803195369  18  18  1  S
 9.243037306  18  18  2  S
 9.290498631  18  18  3  S
 9.290498758  18  18  0  S
 9.339115031  18  18  1  S
 9.685888896  18  18  2  S
 9.698741497  18  18  3  S
 9.698741560  18  18  0  S
 9.736330452  18  18  1  S
 10.001729654  18  18  2  S
 10.018563893  18  18  3  S
 10.018563952  18  18  0  S
 10.029416128  18  18  1  S
 10.388066271  18  18  2  S
 10.429420790  18  18  3  S
 10.429420961  18  18  0  S
 0.002291808  16  16  0  Q
 0.002409507  16  16  0  Q
 0.041802600  16  16  1  Q
 0.447353539  16  16  2  Q
 0.470563085  16  16  3  Q
 0.470563221  16  16  0  Q
 0.503928389  16  16  1  Q
 1.004521034  16  16  2  Q
 1.047830455  16  16  3  Q
 1.047830580  16  16  0  Q
 1.082084621  16  16  1  Q
 1.631611008  16  16  2  Q
 1.674289266  16  16  3  Q
 1.674289371  16  16  0  Q
 1.694660978  16  16  1  Q
 2.256151046  16  16  2  Q
 2.274878638  16  16  3  Q
 2.274878822  16  16  0  Q
 2.301543710  16  16  1  Q
 2.821624159  16  16  2  Q
 2.831767757  16  16  3  Q
 2.831767867  16  16  0  Q
 2.881011281  16  16  1  Q
 3.488990202  16  16  2  Q
 3.516101523  16  16  3  Q
 3.516101607  16  16  0  Q
 3.541598115  16  16  1  Q
 4.088831014  16  16  2  Q
 4.137356237  16  16  3  Q
 4.137356364  16  16  0  Q
 4.152850433  16  16  1  Q
 4.715464558  16  16  2  Q
 4.748458610  16  16  3  Q
 4.748458695  16  16  0  Q
 4.788722112  16  16  1  Q
 5.329682934  16  16  2  Q
 5.344905378  16  16  3  Q
 5.344905489  16  16  0  Q
 5.359412842  16  16  1  Q
 5.862825248  16  16  2  Q
 5.911307060  16  16  3  Q
 5.911307178  16  16  0  Q
 5.924470979  16  16  1  Q
 6.492851574  16  16  2  Q
 6.526723293  16  16  3  Q
 6.526723392  16  16  0  Q
 6.560354840  16  16  1  Q
 7.094291212  16  16  2  Q
 7.110345314  16  16  3  Q
 7.110345414  16  16  0  Q
 7.129804704  16  16  1  Q
 7.581917833  16  16  2  Q
 7.602497869  16  16  3  Q
 7.602497981  16  16  0  Q
 7.650182793  16  16  1  Q
 8.152205136  16  16  2  Q
 8.199251729  16  16  3  Q
 8.199251842  16  16  0  Q
 8.226717200  16  16  1  Q
 8.772633934  16  16  2  Q
 8.808119293  16  16  3  Q
 8.808119463  16  16  0  Q
 8.831996745  16  16  1  Q
 9.290551012  16  16  2  Q
 9.318536367  16  16  3  Q
 9.318536425  16  16  0  Q
 9.359134815  16  16  1  Q
 9.698766115  16  16  2  Q
 9.721552005  16  16  3  Q
 9.721552177  16  16  0  Q
 9.754672336  16  16  1  Q
 10.018605971  16  16  2  Q
 10.054674072  16  16  3  Q
 10.054674182  16  16  0  Q
 10.086196384  16  16  1  Q
 10.477275454  16  16  2  Q
 10.519735040  16  16  3  Q
 10.519735140  16  16  0  Q
 10.552885437  16  16  1  Q
 10.876156610  16  16  2  Q
 10.920549971  16  16  3  Q
 10.920550044  16  16  0  Q
 10.944270251  16  16  1  Q
 11.252848130  16  16  2  Q
 11.270021123  16  16  3  Q
 11.270021186  16  16  0  Q
 11.313828791  16  16  1  Q
 11.625578059  16  16  2  Q
 11.650250749  16  16  3  Q
 11.650250895  16  16  0  Q
 0.002345868  17  17  0  R
 0.002410925  17  17  0  R
 0.050773598  17  17  1  R
 0.667667769  17  17  2  R
 0.696690167  17  17  3  R
 0.696690297  17  17  0  R
 0.719146832  17  17  1  R
 1.215985678  17  17  2  R
 1.253545257  17  17  3  R
 1.253545342  17  17  0  R
 1.269008217  17  17  1  R
 1.834471836  17  17  2  R
 1.846073657  17  17  3  R
 1.846073726  17  17  0  R
 1.871240687  17  17  1  R
 2.442290031  17  17  2  R
 2.461245336  17  17  3  R
 2.461245508  17  17  0  R
 2.488512322  17  17  1  R
 3.030563191  17  17  2  R
 3.048000381  17  17  3  R
 3.048000519  17  17  0  R
 3.084636778  17  17  1  R
 3.706424089  17  17  2  R
 3.732425974  17  17  3  R
 3.732426082  17  17  0  R
 3.744703754  17  17  1  R
 4.332794115  17  17  2  R
 4.354576494  17  17  3  R
 4.354576594  17  17  0  R
 4.364741889  17  17  1  R
 4.935146871  17  17  2  R
 4.957929564  17  17  3  R
 4.957929666  17  17  0  R
 5.003148081  17  17  1  R
 5.498126380  17  17  2  R
 5.516584241  17  17  3  R
 5.516584352  17  17  0  R
 5.536505304  17  17  1  R
 6.050339781  17  17  2  R
 6.071251291  17  17  3  R
 6.071251411  17  17  0  R
 6.109808272  17  17  1  R
 6.693425283  17  17  2  R
 6.722665533  17  17  3  R
 6.722665684  17  17  0  R
 6.766310746  17  17  1  R
 7.302448627  17  17  2  R
 7.322402749  17  17  3  R
 7.322402857  17  17  0  R
 7.354126854  17  17  1  R
 7.773860983  17  17  2  R
 7.786291879  17  17  3  R
 7.786292001  17  17  0  R
 7.805916873  17  17  1  R
 8.387667408  17  17  2  R
 8.416692146  17  17  3  R
 8.416692300  17  17  0  R
 8.445544064  17  17  1  R
 8.907570443  17  17  2  R
 8.933596600  17  17  3  R
 8.933596709  17  17  0  R
 8.981776262  17  17  1  R
 9.383248550  17  17  2  R
 9.427807152  17  17  3  R
 9.427807224  17  17  0  R
 9.451367347  17  17  1  R
 9.737234526  17  17  2  R
 9.774881480  17  17  3  R
 9.774881599  17  17  0  R
 9.806365275  17  17  1  R
 10.095976098  17  17  2  R
 10.121230447  17  17  3  R
 10.121230727  17  17  0  R
 10.147456679  17  17  1  R
 10.547730056  17  17  2  R
 10.596428654  17  17  3  R
 10.596428751  17  17  0  R
 10.617452757  17  17  1  R
 10.965079561  17  17  2  R
 10.992661482  17  17  3  R
 10.992661561  17  17  0  R
 11.033566322  17  17  1  R
 11.307835304  17  17  2  R
 11.338119502  17  17  3  R
 11.338119605  17  17  0  R
 11.377465601  17  17  1  R
 11.677212644  17  17  2  R
 11.708050300  17  17  3  R
 11.708050470  17  17  0  R
 11.754676352  17  17  1  R
 11.955390934  17  17  2  R
 12.002439710  17  17  3  R
 12.002439866  17  17  0  R
 0.001858447  5  5  0  F
 0.002399628  5  5  0  F
 0.015876501  5  5  1  F
 0.058352932  5  5  2  F
 0.090987500  5  5  3  F
 0.090987655  5  5  0  F
 0.124351652  5  5  1  F
 0.732149595  5  5  2  F
 0.743094070  5  5  3  F
 0.743094201  5  5  0  F
 0.789138608  5  5  1  F
 1.299138695  5  5  2  F
 1.317913639  5  5  3  F
 1.317913704  5  5  0  F
 1.331028133  5  5  1  F
 1.857275177  5  5  2  F
 1.891982167  5  5  3  F
 1.891982297  5  5  0  F
 1.903252254  5  5  1  F
 2.494355497  5  5  2  F
 2.517276727  5  5  3  F
 2.517276840  5  5  0  F
 2.557715212  5  5  1  F
 3.089579014  5  5  2  F
 3.115090885  5  5  3  F
 3.115091107  5  5  0  F
 3.151988949  5  5  1  F
 3.743249359  5  5  2  F
 3.776666964  5  5  3  F
 3.776667102  5  5  0  F
 3.802669912  5  5  1  F
 4.400617780  5  5  2  F
 4.417702467  5  5  3  F
 4.417702620  5  5  0  F
 4.448874887  5  5  1  F
 4.978286374  5  5  2  F
 5.014392120  5  5  3  F
 5.014392253  5  5  0  F
 5.037114285  5  5  1  F
 5.556513351  5  5  2  F
 5.586987516  5  5  3  F
 5.586987654  5  5  0  F
 5.634020714  5  5  1  F
 6.154464249  5  5  2  F
 6.182090297  5  5  3  F
 6.182090372  5  5  0  F
 6.213085190  5  5  1  F
 6.798031231  5  5  2  F
 6.822145811  5  5  3  F
 6.822145971  5  5  0  F
 6.856339228  5  5  1  F
 7.356160931  5  5  2  F
 7.368152596  5  5  3  F
 7.368152699  5  5  0  F
 7.399679172  5  5  1  F
 7.806984978  5  5  2  F
 7.850037631  5  5  3  F
 7.850037771  5  5  0  F
 7.868584777  5  5  1  F
 8.466017634  5  5  2  F
 8.488319345  5  5  3  F
 8.488319436  5  5  0  F
 8.523918029  5  5  1  F
 8.979026402  5  5  2  F
 9.008723521  5  5  3  F
 9.008723671  5  5  0  F
 9.030690323  5  5  1  F
 9.427837928  5  5  2  F
 9.464248560  5  5  3  F
 9.464248647  5  5  0  F
 9.488699506  5  5  1  F
 9.774924991  5  5  2  F
 9.802333896  5  5  3  F
 9.802334081  5  5  0  F
 9.813572346  5  5  1  F
 10.121248213  5  5  2  F
 10.147112047  5  5  3  F
 10.147112144  5  5  0  F
 10.189667180  5  5  1  F
 10.596431842  5  5  2  F
 10.629702546  5  5  3  F
 10.629702712  5  5  0  F
 10.658715076  5  5  1  F
 10.992691938  5  5  2  F
 11.023505104  5  5  3  F
 11.023505275  5  5  0  F
 11.048092763  5  5  1  F
 11.338149332  5  5  2  F
 11.382339025  5  5  3  F
 11.382339180  5  5  0  F
 11.404808174  5  5  1  F
 11.708067384  5  5  2  F
 11.732357914  5  5  3  F
 11.732358088  5  5  0  F
 11.769341065  5  5  1  F
 12.002460619  5  5  2  F
 12.017474621  5  5  3  F
 12.017474674  5  5  0  F
 12.036915008  5  5  1  F
 12.252478398  5  5  2  F
 12.294623424  5  5  3  F
 12.294623514  5  5  0  F
 0.002252964  15  15  0  P
 0.002411834  15  15  0  P
 0.038588411  15  15  1  P
 0.275880321  15  15  2  P
 0.308579103  15  15  3  P
 0.308579206  15  15  0  P
 0.352478879  15  15  1  P
 0.911927338  15  15  2  P
 0.943622609  15  15  3  P
 0.943622735  15  15  0  P
 0.974081775  15  15  1  P
 1.513794266  15  15  2  P
 1.532773490  15  15  3  P
 1.532773588  15  15  0  P
 1.574344260  15  15  1  P
 2.073884767  15  15  2  P
 2.100571406  15  15  3  P
 2.100571577  15  15  0  P
 2.126288555  15  15  1  P
 2.698124726  15  15  2  P
 2.738341884  15  15  3  P
 2.738342047  15  15  0  P
 2.768733201  15  15  1  P
 3.333810363  15  15  2  P
 3.379934446  15  15  3  P
 3.379934584  15  15  0  P
 3.415407626  15  15  1  P
 3.942198423  15  15  2  P
 3.985578074  15  15  3  P
 3.985578201  15  15  0  P
 4.007893815  15  15  1  P
 4.580840735  15  15  2  P
 4.622485380  15  15  3  P
 4.622485471  15  15  0  P
 4.637117407  15  15  1  P
 5.216306382  15  15  2  P
 5.246293731  15  15  3  P
 5.246293821  15  15  0  P
 5.279203940  15  15  1  P
 5.750876318  15  15  2  P
 5.768530821  15  15  3  P
 5.768530978  15  15  0  P
 5.789930381  15  15  1  P
 6.356619649  15  15  2  P
 6.377613491  15  15  3  P
 6.377613602  15  15  0  P
 6.399456466  15  15  1  P
 6.950878261  15  15  2  P
 6.998668817  15  15  3  P
 6.998668960  15  15  0  P
 7.019089420  15  15  1  P
 7.484094783  15  15  2  P
 7.522719285  15  15  3  P
 7.522719453  15  15  0  P
 7.550106423  15  15  1  P
 7.982980209  15  15  2  P
 8.029063482  15  15  3  P
 8.029063607  15  15  0  P
 8.073703225  15  15  1  P
 8.605329754  15  15  2  P
 8.623037793  15  15  3  P
 8.623037899  15  15  0  P
 8.662603266  15  15  1  P
 9.114293231  15  15  2  P
 9.160044255  15  15  3  P
 9.160044354  15  15  0  P
 9.195395526  15  15  1  P
 9.599836435  15  15  2  P
 9.627172396  15  15  3  P
 9.627172562  15  15  0  P
 9.667528474  15  15  1  P
 9.910019219  15  15  2  P
 9.953298698  15  15  3  P
 9.953298859  15  15  0  P
 9.996748060  15  15  1  P
 10.299622973  15  15  2  P
 10.347884971  15  15  3  P
 10.347885064  15  15  0  P
 10.377644230  15  15  1  P
 10.781837190  15  15  2  P
 10.800350504  15  15  3  P
 10.800350579  15  15  0  P
 10.838499554  15  15  1  P
 11.149060735  15  15  2  P
 11.182692000  15  15  3  P
 11.182692092  15  15  0  P
 11.232314575  15  15  1  P
 11.527806289  15  15  2  P
 11.563348027  15  15  3  P
 11.563348201  15  15  0  P
 11.593080479  15  15  1  P
 11.861806293  15  15  2  P
 11.886223825  15  15  3  P
 11.886223913  15  15  0  P
 11.911904412  15  15  1  P
 12.122042508  15  15  2  P
 12.160492355  15  15  3  P
 12.160492487  15  15  0  P
 12.174135024  15  15  1  P
 12.429449319  15  15  2  P
 12.457256840  15  15  3  P
 12.457256935  15  15  0  P
 12.489987950  15  15  1  P
 12.683784155  15  15  2  P
 12.708165339  15  15  3  P
 12.708165404  15  15  0  P
 0.001939457  7  7  0  H
 0.002405498  7  7  0  H
 0.028399824  7  7  1  H
 0.197544290  7  7  2  H
 0.227468422  7  7  3  H
 0.227468525  7  7  0  H
 0.238775387  7  7  1  H
 0.827944105  7  7  2  H
 0.873384303  7  7  3  H
 0.873384443  7  7  0  H
 0.890449093  7  7  1  H
 1.423253665  7  7  2  H
 1.461279012  7  7  3  H
 1.461279114  7  7  0  H
 1.496850281  7  7  1  H
 1.987091253  7  7  2  H
 2.027512767  7  7  3  H
 2.027512864  7  7  0  H
 2.048141757  7  7  1  H
 2.644988212  7  7  2  H
 2.669608632  7  7  3  H
 2.669608726  7  7  0  H
 2.712298264  7  7  1  H
 3.241669616  7  7  2  H
 3.290301861  7  7  3  H
 3.290301994  7  7  0  H
 3.315253662  7  7  1  H
 3.868313925  7  7  2  H
 3.894554471  7  7  3  H
 3.894554571  7  7  0  H
 3.906354207  7  7  1  H
 4.505859958  7  7  2  H
 4.550117935  7  7  3  H
 4.550118053  7  7  0  H
 4.578560955  7  7  1  H
 5.168612280  7  7  2  H
 5.203895201  7  7  3  H
 5.203895304  7  7  0  H
 5.215401976  7  7  1  H
 5.697063868  7  7  2  H
 5.736934030  7  7  3  H
 5.736934108  7  7  0  H
 5.770552939  7  7  1  H
 6.310880116  7  7  2  H
 6.356583438  7  7  3  H
 6.356583578  7  7  0  H
 6.390826101  7  7  1  H
 6.912270092  7  7  2  H
 6.950827255  7  7  3  H
 6.950827347  7  7  0  H
 6.996520593  7  7  1  H
 7.437435991  7  7  2  H
 7.484045468  7  7  3  H
 7.484045568  7  7  0  H
 7.503092895  7  7  1  H
 7.967461821  7  7  2  H
 7.982932751  7  7  3  H
 7.982932857  7  7  0  H
 7.994012900  7  7  1  H
 8.558448070  7  7  2  H
 8.579947091  7  7  3  H
 8.579947232  7  7  0  H
 8.611462939  7  7  1  H
 9.067783473  7  7  2  H
 9.093966116  7  7  3  H
 9.093966208  7  7  0  H
 9.105157385  7  7  1  H
 9.551250650  7  7  2  H
 9.585881069  7  7  3  H
 9.585881140  7  7  0  H
 9.620396960  7  7  1  H
 9.854610788  7  7  2  H
 9.879354296  7  7  3  H
 9.879354401  7  7  0  H
 9.894094071  7  7  1  H
 10.180582232  7  7  2  H
 10.227734500  7  7  3  H
 10.227734659  7  7  0  H
 10.251788120  7  7  1  H
 10.670448402  7  7  2  H
 10.702490978  7  7  3  H
 10.702491082  7  7  0  H
 10.742721176  7  7  1  H
 11.064016342  7  7  2  H
 11.090250986  7  7  3  H
 11.090251159  7  7  0  H
 11.107141586  7  7  1  H
 11.427027295  7  7  2  H
 11.468254402  7  7  3  H
 11.468254599  7  7  0  H
 11.505095143  7  7  1  H
 11.778663330  7  7  2  H
 11.799138451  7  7  3  H
 11.799138540  7  7  0  H
 11.832740703  7  7  1  H
 12.043505886  7  7  2  H
 12.065350024  7  7  3  H
 12.065350096  7  7  0  H
 12.087125775  7  7  1  H
 12.308900073  7  7  2  H
 12.344830495  7  7  3  H
 12.344830660  7  7  0  H
 12.356117297  7  7  1  H
 12.578713960  7  7  2  H
 12.622050894  7  7  3  H
 12.622051064  7  7  0  H
 12.648970335  7  7  1  H
 12.863569131  7  7  2  H
 12.903186440  7  7  3  H
 12.903186535  7  7  0  H
 0.001819561  4  4  0  E
 0.002399337  4  4  0  E
 0.031859206  4  4  1  E
 0.227518138  4  4  2  E
 0.262463414  4  4  3  E
 0.262463560  4  4  0  E
 0.309660411  4  4  1  E
 0.873434441  4  4  2  E
 0.895823338  4  4  3  E
 0.895823444  4  4  0  E
 0.928743231  4  4  1  E
 1.461328889  4  4  2  E
 1.474232795  4  4  3  E
 1.474232936  4  4  0  E
 1.485094156  4  4  1  E
 1.974166221  4  4  2  E
 1.987042311  4  4  3  E
 1.987042402  4  4  0  E
 2.022235679  4  4  1  E
 2.607091223  4  4  2  E
 2.644935465  4  4  3  E
 2.644935592  4  4  0  E
 2.662824787  4  4  1  E
 3.225733538  4  4  2  E
 3.241667547  4  4  3  E
 3.241667670  4  4  0  E
 3.274829630  4  4  1  E
 3.826599056  4  4  2  E
 3.858124840  4  4  3  E
 3.858124957  4  4  0  E
 3.886024064  4  4  1  E
 4.482287401  4  4  2  E
 4.505821801  4  4  3  E
 4.505821884  4  4  0  E
 4.525841454  4  4  1  E
 5.120519253  4  4  2  E
 5.168584484  4  4  3  E
 5.168584595  4  4  0  E
 5.203677866  4  4  1  E
 5.662487267  4  4  2  E
 5.697062581  4  4  3  E
 5.697062712  4  4  0  E
 5.734288590  4  4  1  E
 6.266181189  4  4  2  E
 6.310828637  4  4  3  E
 6.310828749  4  4  0  E
 6.323831102  4  4  1  E
 6.875462893  4  4  2  E
 6.912243811  4  4  3  E
 6.912243960  4  4  0  E
 6.944627679  4  4  1  E
 7.422117455  4  4  2  E
 7.437382728  4  4  3  E
 7.437382863  4  4  0  E
 7.467734572  4  4  1  E
 7.933380362  4  4  2  E
 7.967413047  4  4  3  E
 7.967413178  4  4  0  E
 7.996690441  4  4  1  E
 8.579998966  4  4  2  E
 8.605278439  4  4  3  E
 8.605278525  4  4  0  E
 8.627767227  4  4  1  E
 9.094018435  4  4  2  E
 9.114249665  4  4  3  E
 9.114249744  4  4  0  E
 9.143853113  4  4  1  E
 9.585892052  4  4  2  E
 9.599816001  4  4  3  E
 9.599816067  4  4  0  E
 9.629270260  4  4  1  E
 9.879390135  4  4  2  E
 9.891270555  4  4  3  E
 9.891270645  4  4  0  E
 9.912013306  4  4  1  E
 10.227782568  4  4  2  E
 10.262558902  4  4  3  E
 10.262559014  4  4  0  E
 10.274775437  4  4  1  E
 10.702498278  4  4  2  E
 10.742285205  4  4  3  E
 10.742285319  4  4  0  E
 10.789644597  4  4  1  E
 11.090284274  4  4  2  E
 11.133959738  4  4  3  E
 11.133959834  4  4  0  E
 11.165943969  4  4  1  E
 11.468273218  4  4  2  E
 11.495273016  4  4  3  E
 11.495273188  4  4  0  E
 11.525950713  4  4  1  E
 11.799182396  4  4  2  E
 11.813013207  4  4  3  E
 11.813013255  4  4  0  E
 11.850390057  4  4  1  E
 12.065368619  4  4  2  E
 12.084766764  4  4  3  E
 12.084766860  4  4  0  E
 12.122775642  4  4  1  E
 12.344849115  4  4  2  E
 12.387214880  4  4  3  E
 12.387215007  4  4  0  E
 12.414837770  4  4  1  E
 12.622074017  4  4  2  E
 12.656643148  4  4  3  E
 12.656643225  4  4  0  E
 12.671256672  4  4  1  E
 12.903235852  4  4  2  E
 12.930781278  4  4  3  E
 12.930781386  4  4  0  E
 12.944859590  4  4  1  E
 13.071233403  4  4  2  E
 13.103420951  4  4  3  E
 13.103421134  4  4  0  E
 0.002215207  14  14  0  O
 0.002452751  14  14  0  O
 0.039006094  14  14  1  O
 0.337718770  14  14  2  O
 0.385063000  14  14  3  O
 0.385063089  14  14  0  O
 0.395194757  14  14  1  O
 0.964353514  14  14  2  O
 0.980871538  14  14  3  O
 0.980871663  14  14  0  O
 1.028850729  14  14  1  O
 1.573646198  14  14  2  O
 1.590329788  14  14  3  O
 1.590329895  14  14  0  O
 1.627882289  14  14  1  O
 2.169010423  14  14  2  O
 2.215091482  14  14  3  O
 2.215091645  14  14  0  O
 2.230931839  14  14  1  O
 2.793914480  14  14  2  O
 2.821579260  14  14  3  O
 2.821579455  14  14  0  O
 2.860509944  14  14  1  O
 3.455508382  14  14  2  O
 3.488953718  14  14  3  O
 3.488953848  14  14  0  O
 3.526239038  14  14  1  O
 4.038936633  14  14  2  O
 4.088812692  14  14  3  O
 4.088812806  14  14  0  O
 4.100797641  14  14  1  O
 4.676985455  14  14  2  O
 4.715411907  14  14  3  O
 4.715412048  14  14  0  O
 4.756690938  14  14  1  O
 5.298930844  14  14  2  O
 5.329645777  14  14  3  O
 5.329645879  14  14  0  O
 5.341615037  14  14  1  O
 5.826083771  14  14  2  O
 5.862822423  14  14  3  O
 5.862822545  14  14  0  O
 5.878884362  14  14  1  O
 6.476520551  14  14  2  O
 6.492827448  14  14  3  O
 6.492827560  14  14  0  O
 6.517632035  14  14  1  O
 7.081788464  14  14  2  O
 7.094239426  14  14  3  O
 7.094239561  14  14  0  O
 7.114126364  14  14  1  O
 7.571761711  14  14  2  O
 7.581916732  14  14  3  O
 7.581916818  14  14  0  O
 7.620690042  14  14  1  O
 8.072848368  14  14  2  O
 8.113755285  14  14  3  O
 8.113755399  14  14  0  O
 8.134613600  14  14  1  O
 8.680504892  14  14  2  O
 8.723946873  14  14  3  O
 8.723946955  14  14  0  O
 8.747875498  14  14  1  O
 9.232120504  14  14  2  O
 9.242992117  14  14  3  O
 9.242992160  14  14  0  O
 9.261401669  14  14  1  O
 9.673648737  14  14  2  O
 9.685839713  14  14  3  O
 9.685839896  14  14  0  O
 9.713774737  14  14  1  O
 9.977731525  14  14  2  O
 10.001713553  14  14  3  O
 10.001713727  14  14  0  O
 10.041485461  14  14  1  O
 10.429450571  14  14  2  O
 10.477238808  14  14  3  O
 10.477238893  14  14  0  O
 10.502443051  14  14  1  O
 10.849523072  14  14  2  O
 10.876130105  14  14  3  O
 10.876130287  14  14  0  O
 10.895809144  14  14  1  O
 11.203910855  14  14  2  O
 11.252820839  14  14  3  O
 11.252820926  14  14  0  O
 11.298357254  14  14  1  O
 11.583293185  14  14  2  O
 11.625572855  14  14  3  O
 11.625573009  14  14  0  O
 11.663251202  14  14  1  O
 11.913329037  14  14  2  O
 11.937047411  14  14  3  O
 11.937047488  14  14  0  O
 11.964825152  14  14  1  O
 12.198928791  14  14  2  O
 12.216015585  14  14  3  O
 12.216015679  14  14  0  O
 12.246260567  14  14  1  O
 12.469752321  14  14  2  O
 12.502264921  14  14  3  O
 12.502264993  14  14  0  O
 12.537075661  14  14  1  O
 12.755729316  14  14  2  O
 12.768825414  14  14  3  O
 12.768825535  14  14  0  O
 12.809617995  14  14  1  O
 13.014600746  14  14  2  O
 13.031125481  14  14  3  O
 13.031125555  14  14  0  O
 13.051659332  14  14  1  O
 13.175463133  14  14  2  O
 13.213771691  14  14  3  O
 13.213771773  14  14  0  O
 13.245559610  14  14  1  O
 13.308527159  14  14  2  O
 13.331970567  14  14  3  O
 13.331970633  14  14  0  O
 13.365488914  14  14  1  O
 13.427037117  14  14  2  O
 13.461325923  14  14  3  O
 13.461326001  14  14  0  O
 0.002177001  13  13  0  N
 0.002407011  13  13  0  N
 0.017451126  13  13  1  N
 0.123304327  13  13  2  N
 0.169399128  13  13  3  N
 0.169399262  13  13  0  N
 0.208316184  13  13  1  N
 0.779774405  13  13  2  N
 0.807255519  13  13  3  N
 0.807255660  13  13  0  N
 0.851200296  13  13  1  N
 1.346537314  13  13  2  N
 1.384879039  13  13  3  N
 1.384879165  13  13  0  N
 1.401633807  13  13  1  N
 1.905809258  13  13  2  N
 1.941687397  13  13  3  N
 1.941687484  13  13  0  N
 1.962984899  13  13  1  N
 2.545367081  13  13  2  N
 2.576559601  13  13  3  N
 2.576559685  13  13  0  N
 2.603624438  13  13  1  N
 3.153651126  13  13  2  N
 3.201235944  13  13  3  N
 3.201236063  13  13  0  N
 3.224095611  13  13  1  N
 3.815566689  13  13  2  N
 3.826562533  13  13  3  N
 3.826562619  13  13  0  N
 3.871837045  13  13  1  N
 4.431993278  13  13  2  N
 4.468093941  13  13  3  N
 4.468094080  13  13  0  N
 4.491414233  13  13  1  N
 5.043143524  13  13  2  N
 5.086988744  13  13  3  N
 5.086988810  13  13  0  N
 5.135040528  13  13  1  N
 5.605029355  13  13  2  N
 5.626236099  13  13  3  N
 5.626236204  13  13  0  N
 5.647460214  13  13  1  N
 6.182142204  13  13  2  N
 6.201970117  13  13  3  N
 6.201970253  13  13  0  N
 6.248190329  13  13  1  N
 6.846614794  13  13  2  N
 6.864979668  13  13  3  N
 6.864979790  13  13  0  N
 6.904789502  13  13  1  N
 7.394983225  13  13  2  N
 7.422093112  13  13  3  N
 7.422093227  13  13  0  N
 7.449327894  13  13  1  N
 7.893972786  13  13  2  N
 7.933379207  13  13  3  N
 7.933379292  13  13  0  N
 7.959413937  13  13  1  N
 8.533114953  13  13  2  N
 8.558423496  13  13  3  N
 8.558423589  13  13  0  N
 8.588341457  13  13  1  N
 9.031131737  13  13  2  N
 9.067763564  13  13  3  N
 9.067763730  13  13  0  N
 9.095211403  13  13  1  N
 9.502662075  13  13  2  N
 9.551215737  13  13  3  N
 9.551215826  13  13  0  N
 9.594843144  13  13  1  N
 9.842503065  13  13  2  N
 9.854605111  13  13  3  N
 9.854605261  13  13  0  N
 9.871541852  13  13  1  N
 10.147142359  13  13  2  N
 10.180540922  13  13  3  N
 10.180541030  13  13  0  N
 10.214830406  13  13  1  N
 10.629756108  13  13  2  N
 10.670408069  13  13  3  N
 10.670408197  13  13  0  N
 10.716189727  13  13  1  N
 11.023516189  13  13  2  N
 11.064013877  13  13  3  N
 11.064013965  13  13  0  N
 11.099017784  13  13  1  N
 11.382392181  13  13  2  N
 11.427007481  13  13  3  N
 11.427007557  13  13  0  N
 11.470542416  13  13  1  N
 11.732367327  13  13  2  N
 11.778621479  13  13  3  N
 11.778621632  13  13  0  N
 11.796465921  13  13  1  N
 12.017502148  13  13  2  N
 12.043492876  13  13  3  N
 12.043493007  13  13  0  N
 12.085449376  13  13  1  N
 12.294664036  13  13  2  N
 12.308892667  13  13  3  N
 12.308892746  13  13  0  N
 12.320276837  13  13  1  N
 12.539091361  13  13  2  N
 12.578676507  13  13  3  N
 12.578676580  13  13  0  N
 12.597357476  13  13  1  N
 12.815427338  13  13  2  N
 12.863559589  13  13  3  N
 12.863559674  13  13  0  N
 12.886728169  13  13  1  N
 13.050041398  13  13  2  N
 13.071187048  13  13  3  N
 13.071187102  13  13  0  N
 13.107020860  13  13  1  N
 13.245262429  13  13  2  N
 13.263124967  13  13  3  N
 13.263125026  13  13  0  N
 13.295676850  13  13  1  N
 13.369217005  13  13  2  N
 13.396299940  13  13  3  N
 13.396299998  13  13  0  N
 13.423748356  13  13  1  N
 13.510869756  13  13  2  N
 13.540177928  13  13  3  N
 13.540178104  13  13  0  N
 13.555152569  13  13  1  N
 13.633885496  13  13  2  N
 13.663638192  13  13  3  N
 13.663638367  13  13  0  N
 0.001649249  0  0  0  A
 0.002426690  0  0  0  A
 0.034694274  0  0  1  A
 0.262477916  0  0  2  A
 0.275836019  0  0  3  A
 0.275836132  0  0  0  A
 0.322770718  0  0  1  A
 0.895837935  0  0  2  A
 0.911880286  0  0  3  A
 0.911880378  0  0  0  A
 0.932899425  0  0  1  A
 1.474245351  0  0  2  A
 1.513778305  0  0  3  A
 1.513778411  0  0  0  A
 1.547038468  0  0  1  A
 2.027517675  0  0  2  A
 2.073846250  0  0  3  A
 2.073846377  0  0  0  A
 2.089803057  0  0  1  A
 2.669628446  0  0  2  A
 2.698071647  0  0  3  A
 2.698071769  0  0  0  A
 2.741330935  0  0  1  A
 3.290352404  0  0  2  A
 3.333757728  0  0  3  A
 3.333757902  0  0  0  A
 3.369322627  0  0  1  A
 3.894556598  0  0  2  A
 3.942146217  0  0  3  A
 3.942146368  0  0  0  A
 3.952572145  0  0  1  A
 4.550127761  0  0  2  A
 4.580824620  0  0  3  A
 4.580824703  0  0  0  A
 4.613098592  0  0  1  A
 5.203932703  0  0  2  A
 5.216268929  0  0  3  A
 5.216269032  0  0  0  A
 5.235461862  0  0  1  A
 5.736954992  0  0  2  A
 5.750827432  0  0  3  A
 5.750827537  0  0  0  A
 5.800509022  0  0  1  A
 6.377665239  0  0  2  A
 6.400105620  0  0  3  A
 6.400105731  0  0  0  A
 6.420191406  0  0  1  A
 6.998722477  0  0  2  A
 7.016477734  0  0  3  A
 7.016477889  0  0  0  A
 7.062719350  0  0  1  A
 7.522776202  0  0  2  A
 7.553382188  0  0  3  A
 7.553382288  0  0  0  A
 7.583091610  0  0  1  A
 8.029114131  0  0  2  A
 8.060474194  0  0  3  A
 8.060474330  0  0  0  A
 8.076225241  0  0  1  A
 8.623088357  0  0  2  A
 8.651626768  0  0  3  A
 8.651626876  0  0  0  A
 8.679837997  0  0  1  A
 9.160050532  0  0  2  A
 9.183376901  0  0  3  A
 9.183377008  0  0  0  A
 9.211410258  0  0  1  A
 9.627195178  0  0  2  A
 9.639834078  0  0  3  A
 9.639834160  0  0  0  A
 9.663481708  0  0  1  A
 9.891286318  0  0  2  A
 9.910002477  0  0  3  A
 9.910002573  0  0  0  A
 9.926633915  0  0  1  A
 10.262599701  0  0  2  A
 10.299571517  0  0  3  A
 10.299571676  0  0  0  A
 10.326841247  0  0  1  A
 10.742316948  0  0  2  A
 10.781832790  0  0  3  A
 10.781832959  0  0  0  A
 10.797157282  0  0  1  A
 11.133989858  0  0  2  A
 11.149012653  0  0  3  A
 11.149012719  0  0  0  A
 11.174492966  0  0  1  A
 11.495294541  0  0  2  A
 11.527775569  0  0  3  A
 11.527775671  0  0  0  A
 11.569273185  0  0  1  A
 11.813060680  0  0  2  A
 11.861764651  0  0  3  A
 11.861764749  0  0  0  A
 11.883482210  0  0  1  A
 12.084796526  0  0  2  A
 12.121993451  0  0  3  A
 12.121993613  0  0  0  A
 12.139409565  0  0  1  A
 12.387234349  0  0  2  A
 12.429410505  0  0  3  A
 12.429410673  0  0  0  A
 12.465116236  0  0  1  A
 12.656685162  0  0  2  A
 12.683737848  0  0  3  A
 12.683737981  0  0  0  A
 12.728968052  0  0  1  A
 12.930818520  0  0  2  A
 12.970733047  0  0  3  A
 12.970733176  0  0  0  A
 13.016537861  0  0  1  A
 13.103466042  0  0  2  A
 13.139904265  0  0  3  A
 13.139904435  0  0  0  A
 13.171727033  0  0  1  A
 13.263129633  0  0  2  A
 13.291720232  0  0  3  A
 13.291720402  0  0  0  A
 13.306928900  0  0  1  A
 13.396324970  0  0  2  A
 13.407570720  0  0  3  A
 13.407570780  0  0  0  A
 13.431395004  0  0  1  A
 13.540221171  0  0  2  A
 13.586621510  0  0  3  A
 13.586621681  0  0  0  A
 13.630389422  0  0  1  A
 13.663662858  0  0  2  A
 13.682553443  0  0  3  A
 13.682553495  0  0  0  A
 0.002064203  10  10  0  K
 0.002404907  10  10  0  K
 0.039118486  10  10  1  K
 0.385064058  10  10  2  K
 0.421527531  10  10  3  K
 0.421527647  10  10  0  K
 0.437837528  10  10  1  K
 0.980900934  10  10  2  K
 0.992846859  10  10  3  K
 0.992846945  10  10  0  K
 1.017541318  10  10  1  K
 1.546136962  10  10  2  K
 1.573597382  10  10  3  K
 1.573597522  10  10  0  K
 1.616052948  10  10  1  K
 2.123824522  10  10  2  K
 2.168957265  10  10  3  K
 2.168957415  10  10  0  K
 2.200031679  10  10  1  K
 2.778192876  10  10  2  K
 2.793861417  10  10  3  K
 2.793861499  10  10  0  K
 2.809464138  10  10  1  K
 3.379936937  10  10  2  K
 3.412370013  10  10  3  K
 3.412370159  10  10  0  K
 3.459997823  10  10  1  K
 3.985582866  10  10  2  K
 4.020756421  10  10  3  K
 4.020756533  10  10  0  K
 4.036411644  10  10  1  K
 4.622498590  10  10  2  K
 4.656582914  10  10  3  K
 4.656583030  10  10  0  K
 4.668612591  10  10  1  K
 5.246322668  10  10  2  K
 5.274531146  10  10  3  K
 5.274531249  10  10  0  K
 5.303458143  10  10  1  K
 5.768556933  10  10  2  K
 5.804240384  10  10  3  K
 5.804240521  10  10  0  K
 5.845860565  10  10  1  K
 6.400143913  10  10  2  K
 6.434935205  10  10  3  K
 6.434935348  10  10  0  K
 6.453577439  10  10  1  K
 7.016508151  10  10  2  K
 7.052569400  10  10  3  K
 7.052569511  10  10  0  K
 7.081456787  10  10  1  K
 7.553382912  10  10  2  K
 7.571730617  10  10  3  K
 7.571730702  10  10  0  K
 7.612504270  10  10  1  K
 8.060502139  10  10  2  K
 8.072802154  10  10  3  K
 8.072802226  10  10  0  K
 8.084582568  10  10  1  K
 8.651675679  10  10  2  K
 8.680457977  10  10  3  K
 8.680458093  10  10  0  K
 8.705651547  10  10  1  K
 9.183411460  10  10  2  K
 9.232072322  10  10  3  K
 9.232072432  10  10  0  K
 9.254500630  10  10  1  K
 9.639837269  10  10  2  K
 9.673627603  10  10  3  K
 9.673627688  10  10  0  K
 9.709796755  10  10  1  K
 9.953327088  10  10  2  K
 9.977704909  10  10  3  K
 9.977705005  10  10  0  K
 9.997271877  10  10  1  K
 10.347891977  10  10  2  K
 10.388040179  10  10  3  K
 10.388040253  10  10  0  K
 10.435776041  10  10  1  K
 10.800369841  10  10  2  K
 10.849492555  10  10  3  K
 10.849492650  10  10  0  K
 10.892347418  10  10  1  K
 11.182714134  10  10  2  K
 11.203898475  10  10  3  K
 11.203898536  10  10  0  K
 11.250929459  10  10  1  K
 11.563390460  10  10  2  K
 11.583250623  10  10  3  K
 11.583250683  10  10  0  K
 11.597335043  10  10  1  K
 11.886230892  10  10  2  K
 11.913298332  10  10  3  K
 11.913298449  10  10  0  K
 11.929226741  10  10  1  K
 12.160528212  10  10  2  K
 12.198888187  10  10  3  K
 12.198888296  10  10  0  K
 12.231185029  10  10  1  K
 12.457264151  10  10  2  K
 12.469718876  10  10  3  K
 12.469718928  10  10  0  K
 12.502103033  10  10  1  K
 12.708171604  10  10  2  K
 12.755678844  10  10  3  K
 12.755679008  10  10  0  K
 12.798349938  10  10  1  K
 12.970766092  10  10  2  K
 13.014589369  10  10  3  K
 13.014589535  10  10  0  K
 13.051172207  10  10  1  K
 13.139909778  10  10  2  K
 13.175441650  10  10  3  K
 13.175441820  10  10  0  K
 13.221298903  10  10  1  K
 13.291754052  10  10  2  K
 13.308495153  10  10  3  K
 13.308495208  10  10  0  K
 13.336559136  10  10  1  K
 13.407598105  10  10  2  K
 13.427029030  10  10  3  K
 13.427029085  10  10  0  K
 13.476944955  10  10  1  K
 13.586661919  10  10  2  K
 13.618545596  10  10  3  K
 13.618545765  10  10  0  K
 13.659863900  10  10  1  K
 13.682562506  10  10  2  K
 13.704493607  10  10  3  K
 13.704493781  10  10  0  K
 0.002391854  19  19  0  T
 0.002412289  19  19  0  T
 0.050666902  19  19  1  T
 0.629840061  19  19  2  T
 0.667625173  19  19  3  T
 0.667625308  19  19  0  T
 0.694616890  19  19  1  T
 1.180739819  19  19  2  T
 1.215935388  19  19  3  T
 1.215935522  19  19  0  T
 1.253118816  19  19  1  T
 1.790431021  19  19  2  T
 1.834442493  19  19  3  T
 1.834442603  19  19  0  T
 1.861485877  19  19  1  T
 2.406113009  19  19  2  T
 2.442239012  19  19  3  T
 2.442239183  19  19  0  T
 2.475456185  19  19  1  T
 2.995243973  19  19  2  T
 3.030542656  19  19  3  T
 3.030542784  19  19  0  T
 3.061965301  19  19  1  T
 3.687141051  19  19  2  T
 3.706395894  19  19  3  T
 3.706396019  19  19  0  T
 3.735620062  19  19  1  T
 4.291508638  19  19  2  T
 4.332775691  19  19  3  T
 4.332775850  19  19  0  T
 4.344305255  19  19  1  T
 4.913039152  19  19  2  T
 4.935145384  19  19  3  T
 4.935145511  19  19  0  T
 4.974274089  19  19  1  T
 5.470296952  19  19  2  T
 5.498119226  19  19  3  T
 5.498119331  19  19  0  T
 5.537615404  19  19  1  T
 6.071302668  19  19  2  T
 6.110479273  19  19  3  T
 6.110479339  19  19  0  T
 6.150827664  19  19  1  T
 6.722716096  19  19  2  T
 6.761810293  19  19  3  T
 6.761810429  19  19  0  T
 6.797382720  19  19  1  T
 7.322429910  19  19  2  T
 7.336456758  19  19  3  T
 7.336456844  19  19  0  T
 7.351890953  19  19  1  T
 7.729753178  19  19  2  T
 7.773820102  19  19  3  T
 7.773820247  19  19  0  T
 7.801756025  19  19  1  T
 8.348584425  19  19  2  T
 8.387626126  19  19  3  T
 8.387626215  19  19  0  T
 8.429058899  19  19  1  T
 8.878289856  19  19  2  T
 8.907562131  19  19  3  T
 8.907562301  19  19  0  T
 8.923613998  19  19  1  T
 9.363780705  19  19  2  T
 9.383210770  19  19  3  T
 9.383210853  19  19  0  T
 9.423603873  19  19  1  T
 9.721598533  19  19  2  T
 9.737195054  19  19  3  T
 9.737195288  19  19  0  T
 9.781078731  19  19  1  T
 10.054718339  19  19  2  T
 10.095925590  19  19  3  T
 10.095925734  19  19  0  T
 10.126401651  19  19  1  T
 10.519783316  19  19  2  T
 10.547682583  19  19  3  T
 10.547682681  19  19  0  T
 10.562192523  19  19  1  T
 10.920587892  19  19  2  T
 10.965053309  19  19  3  T
 10.965053475  19  19  0  T
 11.010693037  19  19  1  T
 11.270041764  19  19  2  T
 11.307797243  19  19  3  T
 11.307797410  19  19  0  T
 11.329817958  19  19  1  T
 11.650289968  19  19  2  T
 11.677179100  19  19  3  T
 11.677179214  19  19  0  T
 11.723448560  19  19  1  T
 11.937060598  19  19  2  T
 11.955370617  19  19  3  T
 11.955370711  19  19  0  T
 12.000980732  19  19  1  T
 12.216066303  19  19  2  T
 12.252464370  19  19  3  T
 12.252464544  19  19  0  T
 12.268654378  19  19  1  T
 12.502302036  19  19  2  T
 12.539086113  19  19  3  T
 12.539086288  19  19  0  T
 12.559191693  19  19  1  T
 12.768845585  19  19  2  T
 12.815376806  19  19  3  T
 12.815376985  19  19  0  T
 12.863197983  19  19  1  T
 13.031129617  19  19  2  T
 13.050037723  19  19  3  T
 13.050037782  19  19  0  T
 13.099924381  19  19  1  T
 13.213779586  19  19  2  T
 13.245254490  19  19  3  T
 13.245254663  19  19  0  T
 13.278369682  19  19  1  T
 13.332013548  19  19  2  T
 13.369192811  19  19  3  T
 13.369192985  19  19  0  T
 13.405064649  19  19  1  T
 13.461364483  19  19  2  T
 13.510831690  19  19  3  T
 13.510831861  19  19  0  T
 13.526777901  19  19  1  T
 13.618559061  19  19  2  T
 13.633848769  19  19  3  T
 13.633848830  19  19  0  T
 13.663179203  19  19  1  T
 13.704532207  19  19  2  T
 13.730655482  19  19  3  T
 13.730656077  19  19  0  T
 13.763159101  19  19  1  T
 13.763159747  19  19  2  T
 13.801270360  19  19  3  T
 13.801270660  19  19  0  T
 13.821815820  19  19  1  T
 13.821816157  19  19  2  T
 13.864818125  19  19  3  T
 13.864818408  19  19  0  T
 13.911558049  19  19  1  T
 13.911559833  19  19  2  T
 13.941557036  19  19  3  T
 13.941558025  19  19  0  T
 13.980007998  19  19  1  T
 13.980009767  19  19  2  T
 13.990370690  19  19  3  T
 13.990371682  19  19  0  T
 14.039558896  19  19  1  T
 14.039559352  19  19  2  T
 14.057555988  19  19  3  T
 14.057556333  19  19  0  T
 14.102223087  19  19  1  T
 14.102224863  19  19  2  T
 14.123629357  19  19  3  T
 14.123630323  19  19  0  T
 14.157228187  19  19  1  T
 14.157229937  19  19  2  T
 14.194606817  19  19  3  T
 14.194624134  19  19  0  T
-1  20  20  4 LOCAL_SECTION;ENTRY_PROTOCOL;CRITICAL_SECTION;EXIT_PROTOCOL;ALGORITHM=Bakery;
