 0.000676944  1  1  0  B
 0.000810161  1  1  0  B
 0.022170036  1  1  1  B
 0.022171071  1  1  2  B
 0.071654569  1  1  3  B
 0.071654754  1  1  0  B
 0.104904227  1  1  1  B
 0.104904480  1  1  2  B
 0.146675037  1  1  3  B
 0.146675225  1  1  0  B
 0.192472363  1  1  1  B
 0.229147893  1  1  2  B
 0.239962111  1  1  3  B
 0.239962500  1  1  0  B
 0.287985335  1  1  1  B
 0.314136315  1  1  2  B
 0.363646521  1  1  3  B
 0.363646904  1  1  0  B
 0.373902865  1  1  1  B
 0.409929098  1  1  2  B
 0.459677195  1  1  3  B
 0.459677384  1  1  0  B
 0.503772638  1  1  1  B
 0.503772950  1  1  2  B
 0.535376578  1  1  3  B
 0.535377668  1  1  0  B
 0.549787357  1  1  1  B
 0.564993386  1  1  2  B
 0.579699507  1  1  3  B
 0.579699712  1  1  0  B
 0.000544860  0  0  0  A
 0.000795433  0  0  0  A
 0.045882271  0  0  1  A
 0.071700526  0  0  2  A
 0.081928865  0  0  3  A
 0.081928947  0  0  0  A
 0.107972263  0  0  1  A
 0.146721633  0  0  2  A
 0.174304098  0  0  3  A
 0.174304301  0  0  0  A
 0.192435906  0  0  1  A
 0.192436215  0  0  2  A
 0.229104907  0  0  3  A
 0.229105146  0  0  0  A
 0.265505650  0  0  1  A
 0.265506648  0  0  2  A
 0.314135684  0  0  3  A
 0.314135885  0  0  0  A
 0.358215616  0  0  1  A
 0.363681087  0  0  2  A
 0.409886720  0  0  3  A
 0.409886890  0  0  0  A
 0.447252228  0  0  1  A
 0.459706042  0  0  2  A
 0.492003260  0  0  3  A
 0.492003500  0  0  0  A
 0.534262467  0  0  1  A
 0.535431293  0  0  2  A
 0.564986290  0  0  3  A
 0.564986535  0  0  0  A
 0.610366732  0  0  1  A
 0.610367050  0  0  2  A
 0.657849589  0  0  3  A
 0.657850560  0  0  0  A
 0.669541838  0  0  1  A
 0.669542853  0  0  2  A
 0.686194298  0  0  3  A
 0.686195257  0  0  0  A
-1  2  2  4 LOCAL_SECTION;ENTRY_PROTOCOL;CRITICAL_SECTION;EXIT_PROTOCOL;ALGORITHM=Peterson;
