0 208 0.00143437
208 205 0.001648
205 125 0.00128178
125 224 0.000640889
224 86 0.000488296
86 29 0.00137333
29 225 0.00167852
225 121 0.00167852
225 8 0.00180059
8 9 0.00109867
29 111 0.00207526
111 270 9.15555e-05
111 243 0.00119022
243 264 0.0019837
29 287 0.00207526
287 202 0.00210578
202 143 0.000549333
121 100 0.00231941
100 17 0.00241096
17 74 0.000824
74 272 0.00149541
272 237 0.0021363
237 88 0.000946074
287 90 0.00259407
272 212 0.00265511
212 203 0.000518815
212 130 0.00241096
130 273 0.000640889
130 108 0.000671407
130 84 0.00112918
84 98 0.00103763
130 248 0.00152593
248 217 0.00186163
217 158 0.00125126
217 16 0.0013123
16 35 0.00134281
88 13 0.00271615
13 196 0.00250252
202 101 0.00277718
8 3 0.00289926
88 55 0.00289926
55 117 0.00125126
203 145 0.00311289
145 274 0.0011597
101 193 0.003296
193 65 0.000244148
65 32 0.00128178
108 67 0.003296
243 267 0.003296
267 250 0.000793481
250 204 0.00161748
204 129 0.000305185
204 24 0.00161748
24 133 0.00189215
133 293 0.00308237
293 188 0.000305185
0 87 0.00344859
87 116 0.00228889
87 83 0.00299081
83 283 0.003296
121 295 0.00347911
67 229 0.00354015
83 50 0.00357067
50 93 0.00311289
264 195 0.00357067
195 134 0.00231941
287 159 0.00369274
86 68 0.00372326
68 41 0.00311289
41 279 0.00125126
158 42 0.00375378
108 148 0.00384533
148 64 3.05185e-05
64 294 0.000396741
148 110 0.00210578
64 120 0.00225837
120 28 0.000427259
64 199 0.00234993
110 194 0.00311289
194 210 0.000274667
199 152 0.00311289
152 4 0.00265511
210 241 0.00317392
241 6 0.000671407
241 47 0.000946074
47 185 0.00234993
47 230 0.00271615
121 135 0.00405896
237 58 0.00405896
58 51 0.00204474
51 34 0.00173956
28 222 0.00408948
222 235 0.000915555
222 180 0.00283822
222 69 0.0029603
69 21 0.00283822
222 277 0.00375378
235 280 0.00375378
208 31 0.00427259
270 10 0.00433363
145 71 0.00436415
71 261 0.000793481
261 291 0.00106815
291 258 0.00210578
261 160 0.00323496
291 20 0.00338755
20 155 0.00207526
20 141 0.00222785
141 187 0.00405896
155 27 0.00436415
27 192 0.0013123
27 253 0.00412
253 103 0.000427259
103 221 0.00112918
221 284 0.0036317
284 12 0.00271615
12 126 0.00155644
126 77 0.00207526
77 85 0.00387585
27 79 0.00415052
79 211 0.0011597
79 139 0.00332652
221 161 0.00436415
50 114 0.00439467
69 220 0.00442518
4 173 0.0044557
173 252 0.0029603
32 66 0.0044557
66 238 0.00390637
238 299 0.00289926
299 115 0.000183111
65 22 0.0044557
22 163 0.00146489
195 78 0.0044557
78 271 0.00210578
78 157 0.00366222
250 132 0.00451674
132 70 0.00152593
132 7 0.00207526
70 96 0.00317392
96 200 0.0013123
7 228 0.00323496
148 282 0.00454726
6 81 0.00469985
70 56 0.00469985
56 150 0.00204474
229 175 0.00469985
175 97 0.00149541
50 239 0.00473037
55 227 0.00473037
293 298 0.00473037
0 289 0.00476089
289 288 0.00421155
288 151 0.000762963
151 268 0.00341807
90 127 0.00479141
250 53 0.00485244
53 165 0.00393689
267 198 0.00491348
77 43 0.004944
199 247 0.004944
238 296 0.00500504
116 75 0.00503555
75 254 0.000671407
75 137 0.00219733
125 232 0.00506607
232 215 0.00424207
31 23 0.00512711
23 276 0.000457778
8 218 0.00515763
31 285 0.00515763
41 89 0.00515763
89 246 0.00170904
246 176 0.00195318
89 92 0.00274667
176 256 0.00488296
220 231 0.00515763
231 297 0.00106815
231 63 0.00170904
63 236 0.0011597
63 182 0.00192267
297 146 0.00314341
146 242 0.00253304
242 19 0.00344859
289 105 0.00518815
105 219 0.0028077
87 138 0.00521867
138 147 0.00210578
141 39 0.00531022
247 197 0.00534074
297 149 0.00537126
267 179 0.00543229
179 209 0.00216681
132 82 0.00552385
141 170 0.00561541
185 177 0.00561541
177 223 0.000152593
223 233 0.00155644
223 213 0.00250252
177 234 0.00387585
234 1 0.0021363
234 171 0.00292978
223 257 0.00509659
58 278 0.00564592
9 30 0.00567644
30 95 0.000335704
157 37 0.00567644
133 54 0.00570696
54 15 0.00436415
15 144 0.00170904
144 48 0.00503555
48 265 0.00503555
271 190 0.00570696
293 244 0.00570696
47 140 0.00573748
277 52 0.00573748
16 5 0.005768
250 109 0.00579852
34 44 0.00595111
256 45 0.00595111
265 142 0.00595111
142 94 0.00253304
230 226 0.00607318
226 245 0.00601215
245 156 0.000915555
156 292 0.00170904
292 168 0.00436415
115 166 0.00619526
208 33 0.00625629
74 186 0.00634785
161 72 0.00634785
33 172 0.00646992
175 184 0.00650044
24 102 0.00656148
126 62 0.00656148
105 167 0.006592
218 181 0.00662252
116 281 0.00665304
21 286 0.00683615
232 240 0.0069277
77 251 0.00714133
292 46 0.00723289
98 104 0.00729392
104 124 0.00122074
167 131 0.00732444
131 25 0.00314341
288 259 0.00750755
25 128 0.00753807
137 123 0.00769066
123 99 0.00521867
29 118 0.00778222
19 201 0.00781274
202 107 0.00784326
107 191 0.00381481
107 119 0.00704978
39 18 0.00790429
119 14 0.00790429
39 91 0.00793481
91 136 0.00259407
136 255 0.00781274
44 266 0.00802637
108 262 0.00805689
82 189 0.00820948
284 214 0.00820948
145 2 0.00830103
2 36 0.000305185
2 249 0.00796533
281 164 0.00839259
294 275 0.0085757
1 80 0.00863674
267 60 0.00869778
67 73 0.00875881
21 174 0.00878933
198 207 0.00885037
256 183 0.00894192
140 178 0.00927763
212 169 0.00930815
22 263 0.00961333
110 113 0.00970489
196 206 0.00994903
79 122 0.00997955
251 76 0.0101321
123 26 0.0102237
272 216 0.0102847
218 154 0.0105289
1 61 0.010773
242 38 0.0108341
140 106 0.0109561
20 269 0.0111698
2 162 0.0112003
194 11 0.0115055
11 153 0.00439467
249 290 0.0120853
205 40 0.0121158
122 260 0.0122684
207 59 0.0124516
104 49 0.0126652
147 112 0.0135197
258 57 0.0149236
