0 160 0.00225837
160 130 0.00228889
130 32 0.00341807
0 63 0.00738548
63 49 0.00415052
49 58 0.00299081
49 181 0.00646992
58 104 0.00778222
104 158 0.000946074
104 180 0.00402844
180 17 0.00466933
160 98 0.00793481
180 84 0.00817896
84 41 0.00341807
84 113 0.00381481
41 119 0.00460829
119 149 0.00595111
149 60 0.00384533
60 9 0.000427259
60 35 0.00292978
9 37 0.00408948
60 116 0.00518815
116 111 0.00436415
111 48 0.00466933
60 109 0.00521867
109 59 0.00253304
59 199 0.0013123
109 142 0.00262459
199 100 0.00326548
59 56 0.00469985
149 173 0.00531022
142 144 0.00579852
144 74 0.00521867
74 61 0.00134281
61 125 0.00350963
125 148 0.00207526
148 132 0.00112918
148 26 0.00518815
100 2 0.00589007
2 195 0.00338755
195 1 0.000274667
195 184 0.00155644
184 92 0.00146489
1 126 0.00390637
195 96 0.004944
92 8 0.0052797
8 20 0.00555437
100 161 0.00592059
109 166 0.00619526
166 21 0.00234993
166 187 0.00292978
166 18 0.005768
60 114 0.00656148
114 131 0.00259407
131 198 0.00274667
21 69 0.00683615
69 99 0.00604266
20 188 0.00686666
161 101 0.00698874
198 103 0.00698874
103 140 0.00579852
140 153 0.001648
153 79 0.000274667
153 123 0.00195318
123 190 0.00192267
79 186 0.00360118
186 39 0.00573748
35 73 0.00708029
173 19 0.00711081
19 76 0.00543229
84 105 0.00738548
105 62 0.00506607
131 192 0.00784326
192 51 0.00143437
51 129 0.00274667
192 40 0.00323496
40 110 0.00442518
129 57 0.00460829
129 24 0.00601215
110 38 0.00625629
129 193 0.00753807
193 117 0.00689718
117 155 0.000122074
117 12 0.00512711
12 5 0.00369274
12 66 0.00424207
66 53 0.000457778
66 28 0.00326548
193 72 0.00766015
72 42 0.00592059
42 86 0.00366222
86 194 0.000732444
42 13 0.00546281
13 183 0.000915555
13 30 0.00268563
5 90 0.00845363
160 171 0.00848415
41 82 0.00863674
149 33 0.00869778
33 185 0.00244148
185 4 0.000549333
33 137 0.002472
185 177 0.0077517
13 6 0.00881985
190 163 0.00912503
163 64 0.00320444
64 108 0.00448622
163 145 0.00903348
145 7 0.00915555
108 121 0.00918607
53 191 0.00946074
180 165 0.00952177
165 3 0.00750755
165 95 0.00772118
33 122 0.00955229
122 23 0.00918607
37 71 0.00970489
71 46 0.000549333
71 44 0.00424207
72 68 0.0097354
68 45 0.00701926
5 70 0.00982696
86 118 0.009888
123 27 0.00997955
117 34 0.0102847
34 154 0.00643941
154 78 0.000366222
154 93 0.00622578
2 22 0.0105594
22 141 0.0103458
193 87 0.010712
87 89 0.00466933
137 88 0.0109256
66 11 0.0110172
11 164 0.00424207
129 157 0.0111087
63 151 0.0112003
151 159 0.00158696
151 143 0.0100406
35 170 0.011475
66 120 0.011475
120 43 0.00790429
43 135 0.00634785
43 146 0.0069277
120 162 0.0105594
34 174 0.0119633
174 139 0.00567644
139 136 0.00781274
111 55 0.0126652
55 147 0.00195318
147 81 0.00439467
27 150 0.0126957
90 189 0.0133671
125 168 0.0137028
168 182 0.009064
130 10 0.0138859
130 196 0.0141301
164 112 0.0142827
112 152 0.00473037
154 50 0.0143742
50 124 0.00146489
50 134 0.00750755
32 47 0.0144353
105 169 0.0144658
169 178 0.00698874
178 52 0.0130009
178 97 0.0136418
169 175 0.0137333
161 54 0.0144658
140 85 0.0146489
85 15 0.00997955
15 138 0.00109867
15 167 0.00750755
138 65 0.00762963
65 67 0.00210578
67 25 0.00540178
65 31 0.0143132
35 94 0.0147404
94 16 0.0013123
155 102 0.014771
102 29 0.00469985
0 127 0.0149541
113 75 0.015595
75 91 0.00817896
3 156 0.0160222
156 80 0.000549333
22 179 0.0162053
195 115 0.0172735
115 176 0.0126347
95 107 0.0182806
188 106 0.0185553
3 197 0.0187689
197 77 0.011475
77 133 0.0112003
163 14 0.0204779
39 83 0.0206915
155 128 0.0212409
79 36 0.0221564
28 172 0.025544
