0 40 0.0195013
40 147 0.00231941
147 63 0.00305185
147 12 0.00436415
12 84 0.00289926
12 74 0.0036317
40 109 0.00442518
109 60 0.00103763
109 61 0.00332652
61 15 0.00216681
61 67 0.00326548
67 128 0.00231941
12 51 0.00582904
51 117 0.00738548
117 87 0.00128178
74 23 0.00753807
23 104 0.00622578
104 86 0.00408948
12 132 0.00839259
132 120 0.00360118
120 24 0.00439467
132 62 0.00698874
62 99 0.00244148
99 137 0.00234993
62 103 0.00506607
137 73 0.00531022
99 143 0.0077517
103 100 0.00869778
132 139 0.00903348
139 6 0.000122074
139 130 0.00302133
143 4 0.009064
4 68 0.000824
68 129 0.00369274
68 98 0.00552385
98 3 0.000701926
3 37 0.00210578
37 94 0.00338755
94 32 0.00277718
98 14 0.00546281
14 95 0.00497452
95 121 0.003296
121 41 0.000824
37 45 0.00650044
68 78 0.00650044
78 97 0.00405896
97 119 0.000579852
78 123 0.00430311
123 125 0.0029603
119 92 0.00460829
92 114 0.00350963
119 36 0.00518815
78 2 0.00537126
123 70 0.00683615
2 89 0.0069277
92 65 0.00759911
95 79 0.00772118
79 56 0.00491348
56 112 0.000122074
56 69 0.00491348
69 142 0.00466933
142 108 0.00457778
108 149 0.00128178
149 133 0.00302133
133 145 0.00149541
133 31 0.00509659
31 50 0.00344859
31 66 0.00717185
66 107 0.0036317
107 7 0.00665304
7 77 0.00442518
145 96 0.00717185
68 47 0.00814844
125 42 0.00888089
66 28 0.00903348
23 16 0.00933866
128 75 0.00936918
75 146 0.00305185
56 71 0.00943022
71 82 0.00262459
82 116 0.00320444
71 57 0.00546281
116 76 0.00750755
57 33 0.00772118
57 5 0.00851466
5 39 0.00781274
116 136 0.00885037
136 49 0.000305185
100 115 0.00955229
100 126 0.00970489
126 1 0.000915555
109 27 0.00994903
60 38 0.0102237
142 124 0.0104068
139 144 0.0105594
86 93 0.0107425
76 21 0.0108951
21 102 0.00219733
87 54 0.0109561
108 64 0.0109867
64 44 0.00888089
44 80 0.00903348
62 30 0.0110477
100 25 0.0111698
25 26 0.0011597
26 13 0.00219733
25 122 0.00460829
122 134 0.000488296
13 8 0.00579852
13 20 0.007416
8 9 0.0108951
134 52 0.0111698
25 141 0.0112918
51 18 0.0114139
36 72 0.0116581
94 43 0.0116581
69 101 0.0123905
5 48 0.0124516
48 58 0.00109867
58 55 0.0013123
99 138 0.0129093
93 88 0.0133061
147 59 0.0145878
124 81 0.0147099
115 53 0.014893
13 110 0.0149236
72 10 0.0151067
10 17 0.00387585
17 131 0.0135807
44 118 0.0151982
51 148 0.0152287
93 106 0.0152287
147 91 0.015656
54 85 0.0160222
85 29 0.0113834
21 127 0.017365
65 113 0.0175787
113 46 0.00955229
45 83 0.0179754
68 90 0.0181585
81 135 0.0182806
128 11 0.0219428
11 35 0.0170598
72 105 0.02472
53 111 0.0249031
17 34 0.0273141
135 140 0.0276803
29 19 0.0292978
0 22 0.0426649
