0 63 0.00180059
0 26 0.00244148
63 88 0.00790429
88 86 0.0115055
88 41 0.0134587
41 48 0.00289926
48 98 0.00201422
41 84 0.00579852
48 45 0.00589007
48 14 0.00805689
14 6 0.0119633
6 59 0.00796533
59 97 0.00604266
59 23 0.0115055
86 46 0.0142521
46 12 0.00564592
12 50 0.0125126
0 32 0.0144353
0 56 0.0169988
56 17 0.00607318
17 22 0.0141911
22 31 0.000335704
22 61 0.000976592
61 62 0.000366222
22 30 0.00189215
31 40 0.013123
40 72 0.00955229
72 60 0.0142521
60 47 0.0144963
47 76 0.0112003
47 96 0.013123
96 51 0.00228889
96 57 0.00695822
96 83 0.00824
83 19 0.00506607
19 37 0.00756859
51 16 0.00863674
16 9 0.0089114
9 4 0.00231941
4 92 0.0100711
92 82 0.00189215
82 39 0.00268563
39 28 0.00146489
28 1 0.00299081
1 94 0.00399792
1 54 0.00933866
54 53 0.00689718
96 5 0.0105289
83 55 0.0106815
83 93 0.0108951
37 77 0.011597
77 81 0.00433363
81 2 0.00689718
77 85 0.0101321
85 73 0.00274667
85 89 0.00387585
73 99 0.00589007
85 21 0.0109867
21 13 0.00338755
13 78 0.00582904
85 80 0.0120853
80 58 0.000854518
16 75 0.0127873
93 68 0.0129704
4 90 0.0136723
90 71 0.00128178
37 91 0.0142216
22 42 0.0147099
75 36 0.0153813
36 33 0.0135807
73 64 0.015595
47 10 0.018128
22 24 0.0196844
46 69 0.0196844
26 35 0.019837
9 65 0.0212104
51 67 0.0213324
67 95 0.00140385
40 49 0.0215461
49 87 0.00967437
94 74 0.0224006
75 79 0.0224311
24 25 0.0234993
96 38 0.0237739
36 8 0.0243233
48 27 0.0253609
72 20 0.0254524
40 7 0.0262764
61 34 0.0277108
97 15 0.0285958
15 52 0.0187994
10 18 0.028901
87 66 0.0303964
76 3 0.0347606
68 29 0.0359508
34 70 0.0365917
12 44 0.0392773
31 11 0.0496841
6 43 0.0524003
