0 25 0.0305795
25 36 0.00375378
36 12 0.0188299
25 5 0.0250862
5 14 0.00582904
14 1 0.00836207
1 41 0.00262459
5 35 0.0149236
41 22 0.0240181
22 21 0.0216376
21 33 0.00195318
33 2 0.00708029
35 37 0.0262764
37 38 0.00796533
37 40 0.020539
22 18 0.0282907
18 45 0.0191961
37 4 0.0291452
4 24 0.0159307
24 9 0.0077517
9 3 0.00134281
3 29 0.0130619
29 39 0.0089114
39 15 0.00784326
24 26 0.0212409
3 20 0.0244453
20 8 0.0291452
8 13 0.0184332
13 47 0.00103763
47 16 0.00106815
47 32 0.0185858
47 7 0.0220954
47 31 0.0223701
8 11 0.0265816
11 10 0.000701926
10 30 0.00354015
30 49 0.0108036
39 34 0.0326853
7 28 0.0333262
28 27 0.0126957
27 48 0.0114444
3 46 0.0366222
46 42 0.0089114
4 23 0.0439772
35 17 0.0490738
46 19 0.0493789
41 44 0.0509354
38 43 0.0539872
32 6 0.0668661
