0 71 0.00146489
0 8 0.00201422
71 153 0.00225837
71 158 0.00338755
158 94 0.00207526
94 213 0.00103763
213 107 0.00286874
107 236 0.00134281
107 241 0.00234993
241 83 0.000762963
241 201 0.00170904
241 170 0.00177007
170 99 0.00146489
83 117 0.00201422
117 130 0.000457778
130 127 0.000518815
127 185 0.000335704
127 132 0.00149541
201 57 0.0028077
57 125 0.00061037
57 179 0.000915555
179 202 0.00289926
202 196 0.00271615
83 204 0.00381481
204 48 0.00167852
204 148 0.00344859
148 248 0.000824
148 134 0.00137333
134 70 0.001648
134 240 0.0019837
240 73 0.00207526
73 3 0.000152593
3 51 0.00201422
51 36 0.00061037
134 206 0.0021363
206 168 0.00204474
3 98 0.00228889
36 161 0.00268563
161 95 0.000427259
161 159 0.00155644
95 15 0.00238044
95 172 0.00347911
172 82 0.00122074
206 232 0.0037843
232 81 0.0029603
81 225 0.000732444
225 193 0.000244148
193 186 0.00125126
81 190 0.00231941
190 173 0.000976592
190 56 0.00183111
170 30 0.00390637
30 249 0.000457778
30 171 0.00170904
171 198 0.00399792
198 12 0.000946074
12 177 0.00259407
177 247 0.000793481
247 223 0.00271615
12 24 0.00354015
24 43 0.00332652
130 200 0.00405896
200 197 0.00399792
197 242 0.00103763
197 55 0.0019837
55 162 0.000762963
55 228 0.00158696
197 138 0.00396741
228 1 0.00408948
1 17 0.00283822
162 129 0.00412
107 104 0.00415052
104 235 0.00167852
235 23 0.000793481
23 160 0.00061037
23 72 0.00299081
104 4 0.00302133
235 164 0.00402844
153 108 0.00418104
249 31 0.00418104
232 238 0.00424207
238 10 0.000274667
238 42 0.00134281
10 118 0.00375378
177 68 0.00439467
68 143 0.000518815
143 212 0.00360118
212 120 0.00189215
228 183 0.0044557
183 113 0.000793481
113 122 0.000305185
183 244 0.0011597
183 87 0.00283822
183 233 0.00347911
48 149 0.00454726
149 45 0.00402844
160 243 0.00454726
243 6 0.00201422
243 32 0.00390637
170 22 0.00454726
22 77 0.00177007
22 141 0.002472
77 64 0.00369274
1 180 0.00466933
235 58 0.00488296
58 210 3.05185e-05
58 14 0.00454726
14 227 0.00128178
14 188 0.00231941
227 52 0.00231941
52 123 0.00161748
123 189 0.00268563
189 199 0.00204474
199 231 0.000946074
231 28 0.000488296
231 224 0.000549333
231 119 0.00119022
189 146 0.00250252
231 62 0.00430311
153 114 0.00512711
114 44 0.00326548
44 63 0.00402844
63 74 0.00350963
63 239 0.00491348
202 237 0.00512711
31 86 0.0052797
113 152 0.0052797
152 205 0
205 80 0.000396741
212 195 0.00531022
94 178 0.00537126
55 60 0.00546281
60 101 0.000793481
101 187 0.00537126
101 67 0.00546281
67 66 0.00442518
81 49 0.00555437
202 145 0.00555437
248 154 0.00555437
55 142 0.00558489
142 246 0.00366222
72 229 0.00561541
229 209 0.00372326
209 20 0.00146489
229 27 0.00375378
27 169 0.00332652
169 35 0.00518815
35 219 0.00317392
219 46 0.00289926
249 140 0.00570696
48 2 0.00573748
173 76 0.00582904
76 21 0.00466933
73 37 0.00592059
37 110 0.00320444
110 165 0.000701926
37 157 0.00402844
212 203 0.00598163
203 5 0.00375378
203 137 0.00466933
137 111 0.00433363
111 25 0.0036317
25 38 0.00387585
25 191 0.0052797
4 192 0.00604266
111 176 0.00613422
4 131 0.00631733
212 150 0.00637837
192 100 0.00640889
100 116 0.00375378
223 156 0.00646992
3 91 0.00653096
212 47 0.006592
244 112 0.006592
123 181 0.00662252
161 121 0.00662252
32 175 0.00665304
175 174 0.00662252
119 245 0.00668355
245 133 0.00482192
86 226 0.00674459
212 59 0.00677511
223 230 0.00683615
119 39 0.00686666
227 103 0.00698874
119 218 0.00704978
212 50 0.00704978
83 217 0.00708029
206 163 0.00717185
190 211 0.00729392
239 135 0.00732444
165 79 0.00735496
79 13 0.00338755
176 184 0.00735496
170 61 0.00738548
227 151 0.007416
184 26 0.00766015
113 214 0.00781274
14 18 0.00793481
135 106 0.00799585
174 92 0.00808741
98 93 0.00824
170 139 0.00842311
139 109 0.000366222
139 11 0.00192267
11 85 0.000457778
62 69 0.00866726
69 216 0.00314341
216 88 0.00125126
11 166 0.00869778
143 102 0.00875881
243 221 0.00881985
139 97 0.00888089
132 234 0.00894192
135 34 0.00921659
34 65 0.00320444
192 54 0.00921659
54 75 0.00766015
230 207 0.00921659
6 147 0.00936918
86 41 0.00952177
73 9 0.00958281
121 33 0.00961333
38 7 0.00970489
143 90 0.0103763
47 136 0.0104373
214 182 0.0104984
120 128 0.0119633
223 16 0.0121464
133 53 0.0123295
53 78 0.0117496
108 115 0.0130009
171 220 0.0132756
18 19 0.0136418
19 40 0.0125736
40 89 0.000427259
40 155 0.00924711
162 194 0.0146489
120 208 0.0149541
208 144 0.0102847
191 105 0.0152593
94 222 0.0154424
195 167 0.0154424
61 96 0.0178533
243 84 0.0187994
189 215 0.0198675
208 126 0.0200812
230 124 0.0231025
221 29 0.0242622
