100 15.540000
200 18.685000
300 20.350000
400 21.522500
500 22.664000
600 23.315000
700 24.097143
800 24.583750
900 25.173333
1000 25.617000
1100 26.020909
1200 26.287500
1300 26.623846
1400 26.955000
1500 27.324667
1600 27.554375
1700 27.787059
1800 28.030000
1900 28.233158
2000 28.602500
2100 28.752381
2200 28.979545
2300 29.178261
2400 29.276667
2500 29.452400
2600 29.632692
2700 29.799259
2800 29.904643
2900 30.118621
3000 30.266000
3100 30.467419
3200 30.475313
3300 30.623030
3400 30.797059
3500 30.914286
3600 31.085833
3700 31.179189
3800 31.292368
3900 31.351282
4000 31.545000
4100 31.720244
4200 31.783095
4300 31.844186
4400 31.946136
4500 32.018000
4600 32.132609
4700 32.189149
4800 32.265833
4900 32.359184
5000 32.454200
5100 32.517255
5200 32.614808
5300 32.693585
5400 32.772222
5500 32.875455
5600 32.950536
5700 33.047018
5800 33.111207
5900 33.212034
6000 33.285000
6100 33.379672
6200 33.452258
6300 33.474286
6400 33.576250
6500 33.614308
6600 33.666061
6700 33.761343
6800 33.766765
6900 33.836377
7000 33.941714
7100 33.959437
7200 34.065556
7300 34.121370
7400 34.156892
7500 34.217067
7600 34.293158
7700 34.371429
7800 34.394615
7900 34.498354
8000 34.596875
8100 34.635185
8200 34.702439
8300 34.710602
8400 34.796429
8500 34.772235
8600 34.830465
8700 34.878851
8800 34.938977
8900 34.990562
9000 34.995667
9100 35.061429
9200 35.113696
9300 35.151935
9400 35.159149
9500 35.205474
9600 35.259896
9700 35.314536
9800 35.368776
9900 35.389091
10000 35.455300
