1 11
2 15
3 14
4 14
5 11
6 11
7 11
8 14
9 8
10 17
11 15
12 15
13 13
14 11
15 14
16 15
17 10
18 14
19 14
20 15
21 11
22 14
23 11
24 12
25 6
26 15
27 13
28 14
29 12
30 14
31 11
32 14
33 10
34 15
35 11
36 13
37 9
38 13
39 11
40 11
41 6
42 16
43 13
44 15
45 12
46 16
47 10
48 15
49 11
50 16
51 12
52 15
53 12
54 13
55 11
56 14
57 7
58 15
59 14
60 14
61 12
62 15
63 13
64 13
65 9
66 13
67 11
68 13
69 11
70 14
71 12
72 13
73 7
74 16
75 12
76 13
77 12
78 15
79 13
80 14
81 8
82 15
83 13
84 14
85 11
86 12
87 12
88 12
89 7
90 15
91 12
92 14
93 10
94 5
95 12
96 12
97 8
98 14
99 12
100 12
101 3
102 13
103 10
104 11
105 4
106 17
107 14
108 16
109 13
110 15
111 13
112 15
113 10
114 16
115 14
116 15
117 11
118 14
119 13
120 14
121 9
122 16
123 13
124 15
125 12
126 15
127 13
128 14
129 9
130 15
131 13
132 14
133 11
134 13
135 12
136 13
137 7
138 16
139 8
140 14
141 9
142 14
143 13
144 14
145 10
146 14
147 12
148 14
149 11
150 14
151 12
152 13
153 8
154 15
155 13
156 13
157 11
158 14
159 11
160 13
161 6
162 14
163 11
164 13
165 10
166 12
167 11
168 12
169 5
170 16
171 14
172 14
173 8
174 14
175 12
176 13
177 10
178 15
179 13
180 13
181 10
182 14
183 11
184 13
185 7
186 14
187 13
188 13
189 10
190 14
191 12
192 12
193 5
194 13
195 12
196 12
197 10
198 13
199 11
200 12
201 6
202 14
203 12
204 14
205 11
206 14
207 11
208 12
209 9
210 13
211 11
212 12
213 9
214 12
215 11
216 12
217 6
218 13
219 12
220 13
221 9
222 13
223 10
224 12
225 7
226 13
227 11
228 12
229 8
230 12
231 9
232 11
233 2
234 15
235 15
236 16
237 13
238 16
239 14
240 15
241 8
242 14
243 12
244 11
245 12
246 15
247 11
248 14
249 9
250 12
251 14
252 13
253 9
254 15
255 13
256 12
257 10
258 15
259 11
260 14
261 11
262 10
263 9
264 13
265 7
266 16
267 14
268 15
269 12
270 15
271 13
272 14
273 8
274 15
275 11
276 14
277 11
278 14
279 9
280 13
281 8
282 15
283 13
284 14
285 11
286 12
287 12
288 13
289 9
290 14
291 12
292 13
293 10
294 13
295 11
296 10
297 5
298 14
299 7
300 15
301 12
302 15
303 7
304 14
305 10
306 11
307 13
308 14
309 11
310 14
311 12
312 11
313 8
314 15
315 13
316 12
317 9
318 12
319 12
320 13
321 7
322 14
323 12
324 11
325 10
326 13
327 11
328 12
329 6
330 15
331 5
332 14
333 11
334 14
335 12
336 11
337 7
338 14
339 12
340 13
341 10
342 11
343 11
344 10
345 7
346 14
347 10
348 11
349 10
350 11
351 11
352 12
353 8
354 13
355 11
356 12
357 7
358 12
359 10
360 11
361 3
362 16
363 14
364 15
365 12
366 15
367 8
368 14
369 10
370 15
371 13
372 14
373 11
374 14
375 12
376 13
377 8
378 15
379 13
380 14
381 11
382 14
383 12
384 13
385 9
386 14
387 12
388 13
389 10
390 13
391 11
392 9
393 6
394 15
395 13
396 14
397 6
398 14
399 12
400 10
401 9
402 14
403 12
404 13
405 10
406 13
407 11
408 12
409 7
410 14
411 12
412 13
413 10
414 13
415 11
416 12
417 8
418 13
419 11
420 12
421 9
422 12
423 7
424 11
425 4
426 15
427 13
428 14
429 11
430 14
431 7
432 13
433 9
434 14
435 12
436 13
437 10
438 13
439 11
440 12
441 7
442 14
443 12
444 13
445 10
446 13
447 5
448 12
449 8
450 13
451 11
452 12
453 9
454 12
455 10
456 11
457 5
458 9
459 7
460 13
461 10
462 13
463 11
464 12
465 8
466 13
467 11
468 12
469 9
470 12
471 10
472 11
473 6
474 13
475 11
476 12
477 9
478 12
479 10
480 11
481 7
482 12
483 10
484 11
485 8
486 11
487 9
488 10
489 0
490 16
491 14
492 13
493 12
494 14
495 12
496 13
497 8
498 15
499 10
500 13
501 8
502 14
503 12
504 13
505 5
506 13
507 12
508 14
509 11
510 12
511 12
512 13
513 8
514 13
515 12
516 13
517 10
518 13
519 11
520 11
521 5
522 15
523 13
524 12
525 11
526 12
527 12
528 11
529 5
530 13
531 12
532 13
533 9
534 13
535 9
536 12
537 5
538 12
539 11
540 13
541 9
542 11
543 11
544 10
545 8
546 13
547 10
548 12
549 8
550 11
551 10
552 11
553 4
554 14
555 13
556 14
557 5
558 14
559 12
560 12
561 9
562 14
563 11
564 13
565 10
566 13
567 10
568 11
569 6
570 13
571 12
572 12
573 9
574 13
575 10
576 12
577 8
578 10
579 10
580 12
581 9
582 12
583 9
584 11
585 2
586 14
587 12
588 13
589 9
590 12
591 11
592 12
593 7
594 13
595 11
596 12
597 9
598 12
599 10
600 10
601 6
602 13
603 11
604 12
605 9
606 12
607 10
608 11
609 7
610 12
611 10
612 11
613 8
614 10
615 8
616 9
617 1
618 12
619 11
620 14
621 11
622 14
623 12
624 11
625 7
626 14
627 8
628 13
629 10
630 13
631 11
632 8
633 7
634 12
635 12
636 13
637 8
638 13
639 11
640 9
641 8
642 13
643 11
644 12
645 9
646 12
647 10
648 11
649 5
650 12
651 10
652 11
653 10
654 13
655 11
656 12
657 8
658 13
659 9
660 12
661 9
662 10
663 10
664 9
665 6
666 11
667 11
668 12
669 9
670 12
671 10
672 11
673 7
674 10
675 8
676 11
677 8
678 9
679 9
680 10
681 3
682 11
683 12
684 13
685 7
686 13
687 11
688 12
689 8
690 13
691 8
692 12
693 9
694 8
695 10
696 11
697 6
698 10
699 11
700 12
701 9
702 12
703 10
704 11
705 7
706 12
707 10
708 11
709 8
710 11
711 9
712 10
713 4
714 13
715 11
716 12
717 9
718 12
719 10
720 11
721 7
722 12
723 10
724 11
725 8
726 11
727 9
728 10
729 5
730 12
731 10
732 11
733 8
734 11
735 9
736 10
737 6
738 11
739 9
740 4
741 7
742 10
743 8
744 9
745 0
746 14
747 10
748 12
749 10
750 13
751 10
752 11
753 5
754 13
755 11
756 12
757 4
758 11
759 10
760 10
761 6
762 13
763 10
764 10
765 7
766 11
767 10
768 11
769 7
770 11
771 9
772 11
773 8
774 11
775 9
776 8
777 4
778 13
779 11
780 12
781 9
782 11
783 9
784 11
785 6
786 12
787 10
788 10
789 8
790 11
791 8
792 10
793 5
794 11
795 9
796 10
797 7
798 11
799 9
800 9
801 6
802 11
803 9
804 9
805 6
806 10
807 8
808 9
809 2
810 13
811 8
812 12
813 6
814 12
815 10
816 11
817 7
818 12
819 7
820 11
821 8
822 11
823 9
824 10
825 5
826 12
827 10
828 11
829 8
830 11
831 9
832 10
833 6
834 11
835 9
836 10
837 7
838 10
839 8
840 9
841 3
842 12
843 10
844 11
845 8
846 11
847 9
848 10
849 6
850 11
851 9
852 10
853 7
854 10
855 8
856 9
857 4
858 11
859 9
860 10
861 7
862 10
863 8
864 9
865 5
866 10
867 8
868 9
869 6
870 9
871 7
872 8
873 0
874 12
875 9
876 8
877 8
878 10
879 6
880 9
881 3
882 10
883 9
884 10
885 7
886 8
887 3
888 9
889 4
890 11
891 9
892 10
893 6
894 10
895 5
896 9
897 5
898 10
899 8
900 9
901 6
902 9
903 7
904 8
905 2
906 11
907 9
908 10
909 7
910 10
911 8
912 9
913 3
914 8
915 8
916 5
917 6
918 9
919 7
920 8
921 3
922 10
923 8
924 9
925 6
926 4
927 7
928 8
929 4
930 9
931 7
932 8
933 5
934 8
935 6
936 7
937 0
938 10
939 8
940 8
941 6
942 9
943 5
944 8
945 3
946 9
947 6
948 8
949 5
950 8
951 5
952 7
953 2
954 5
955 7
956 8
957 5
958 6
959 4
960 7
961 3
962 8
963 6
964 4
965 4
966 7
967 5
968 6
969 0
970 8
971 6
972 7
973 4
974 6
975 5
976 6
977 1
978 7
979 5
980 4
981 1
982 3
983 4
984 5
985 0
986 6
987 4
988 5
989 2
990 5
991 3
992 4
993 0
994 4
995 2
996 3
997 0
998 1
999 0
1000 0
