1 11
2 16
3 13
4 13
5 12
6 14
7 13
8 11
9 8
10 16
11 13
12 13
13 11
14 16
15 14
16 12
17 10
18 16
19 11
20 15
21 9
22 15
23 13
24 14
25 8
26 16
27 14
28 12
29 12
30 15
31 13
32 14
33 10
34 15
35 13
36 14
37 9
38 14
39 12
40 11
41 4
42 17
43 15
44 16
45 11
46 16
47 10
48 13
49 11
50 16
51 13
52 15
53 10
54 15
55 13
56 13
57 9
58 14
59 14
60 13
61 5
62 15
63 13
64 14
65 10
66 15
67 11
68 13
69 10
70 12
71 12
72 12
73 7
74 14
75 14
76 14
77 11
78 14
79 13
80 13
81 9
82 13
83 12
84 14
85 11
86 14
87 12
88 13
89 7
90 15
91 13
92 14
93 11
94 13
95 4
96 12
97 9
98 14
99 12
100 12
101 10
102 13
103 10
104 10
105 3
106 17
107 15
108 16
109 12
110 13
111 14
112 15
113 11
114 16
115 14
116 12
117 11
118 14
119 12
120 14
121 9
122 16
123 13
124 15
125 11
126 14
127 13
128 14
129 10
130 15
131 9
132 14
133 11
134 14
135 12
136 12
137 7
138 16
139 13
140 15
141 12
142 14
143 13
144 14
145 10
146 15
147 13
148 14
149 11
150 14
151 12
152 12
153 8
154 15
155 13
156 13
157 10
158 11
159 12
160 10
161 9
162 14
163 11
164 12
165 9
166 13
167 11
168 12
169 4
170 15
171 13
172 15
173 12
174 15
175 13
176 14
177 10
178 15
179 12
180 10
181 11
182 13
183 12
184 13
185 8
186 14
187 9
188 14
189 11
190 14
191 12
192 13
193 8
194 13
195 11
196 13
197 10
198 12
199 11
200 11
201 6
202 14
203 12
204 13
205 11
206 14
207 12
208 13
209 8
210 13
211 11
212 13
213 10
214 13
215 11
216 12
217 6
218 14
219 12
220 13
221 10
222 13
223 10
224 12
225 8
226 13
227 11
228 11
229 9
230 12
231 10
232 11
233 2
234 14
235 15
236 14
237 13
238 14
239 11
240 15
241 9
242 16
243 14
244 15
245 10
246 15
247 13
248 14
249 9
250 16
251 11
252 15
253 12
254 15
255 13
256 11
257 10
258 15
259 9
260 14
261 11
262 12
263 12
264 13
265 5
266 16
267 14
268 15
269 12
270 15
271 10
272 14
273 10
274 15
275 11
276 14
277 9
278 14
279 9
280 13
281 8
282 13
283 10
284 14
285 11
286 14
287 10
288 13
289 9
290 14
291 9
292 11
293 10
294 13
295 11
296 12
297 5
298 16
299 14
300 15
301 12
302 15
303 13
304 14
305 8
306 15
307 13
308 14
309 11
310 12
311 8
312 13
313 6
314 15
315 13
316 12
317 7
318 14
319 10
320 13
321 9
322 14
323 12
324 13
325 6
326 11
327 11
328 12
329 4
330 15
331 13
332 14
333 11
334 12
335 12
336 13
337 9
338 14
339 12
340 13
341 8
342 13
343 11
344 12
345 7
346 14
347 12
348 13
349 10
350 13
351 11
352 12
353 6
354 13
355 11
356 10
357 9
358 12
359 10
360 11
361 3
362 16
363 11
364 12
365 12
366 15
367 10
368 14
369 10
370 15
371 13
372 14
373 11
374 14
375 12
376 13
377 5
378 15
379 13
380 14
381 11
382 14
383 12
384 13
385 9
386 14
387 12
388 9
389 10
390 13
391 11
392 12
393 6
394 15
395 13
396 14
397 11
398 14
399 6
400 13
401 4
402 14
403 12
404 13
405 10
406 10
407 11
408 12
409 7
410 14
411 12
412 13
413 10
414 13
415 11
416 12
417 8
418 13
419 11
420 9
421 9
422 12
423 10
424 11
425 4
426 15
427 13
428 14
429 11
430 14
431 12
432 13
433 9
434 14
435 12
436 13
437 10
438 8
439 11
440 12
441 7
442 14
443 12
444 13
445 10
446 13
447 11
448 8
449 8
450 13
451 11
452 12
453 9
454 12
455 10
456 11
457 5
458 14
459 12
460 8
461 10
462 13
463 11
464 12
465 8
466 6
467 11
468 12
469 9
470 12
471 10
472 11
473 6
474 13
475 11
476 12
477 9
478 12
479 10
480 11
481 7
482 12
483 10
484 11
485 8
486 11
487 9
488 10
489 0
490 15
491 13
492 14
493 8
494 15
495 13
496 14
497 10
498 14
499 13
500 14
501 11
502 14
503 12
504 13
505 7
506 15
507 12
508 14
509 10
510 13
511 12
512 13
513 9
514 14
515 11
516 11
517 10
518 13
519 11
520 12
521 6
522 14
523 11
524 13
525 10
526 10
527 12
528 9
529 9
530 13
531 12
532 12
533 8
534 13
535 11
536 12
537 6
538 14
539 12
540 13
541 10
542 11
543 10
544 11
545 8
546 12
547 10
548 12
549 9
550 12
551 9
552 9
553 2
554 15
555 13
556 14
557 11
558 14
559 12
560 12
561 6
562 13
563 12
564 13
565 9
566 12
567 11
568 12
569 7
570 13
571 12
572 13
573 9
574 12
575 10
576 12
577 8
578 13
579 11
580 11
581 9
582 11
583 9
584 10
585 5
586 14
587 12
588 13
589 10
590 12
591 10
592 11
593 3
594 12
595 10
596 12
597 9
598 12
599 10
600 10
601 5
602 13
603 11
604 12
605 9
606 12
607 9
608 10
609 6
610 11
611 10
612 11
613 7
614 10
615 8
616 9
617 2
618 15
619 13
620 14
621 11
622 11
623 8
624 11
625 9
626 14
627 12
628 10
629 10
630 10
631 11
632 12
633 7
634 9
635 10
636 13
637 10
638 13
639 9
640 12
641 8
642 11
643 11
644 12
645 7
646 12
647 8
648 8
649 5
650 14
651 12
652 13
653 10
654 11
655 11
656 10
657 8
658 13
659 5
660 10
661 7
662 12
663 10
664 11
665 6
666 13
667 11
668 12
669 7
670 12
671 10
672 11
673 7
674 12
675 8
676 11
677 6
678 4
679 7
680 10
681 3
682 14
683 12
684 13
685 10
686 13
687 11
688 12
689 8
690 13
691 11
692 12
693 3
694 12
695 10
696 8
697 6
698 13
699 11
700 12
701 9
702 12
703 10
704 11
705 7
706 12
707 10
708 11
709 5
710 11
711 9
712 10
713 4
714 13
715 11
716 7
717 9
718 12
719 10
720 7
721 2
722 12
723 10
724 11
725 4
726 11
727 9
728 10
729 5
730 12
731 10
732 11
733 8
734 11
735 9
736 10
737 6
738 11
739 9
740 10
741 7
742 10
743 8
744 9
745 0
746 14
747 12
748 9
749 8
750 12
751 9
752 10
753 8
754 13
755 11
756 12
757 9
758 9
759 10
760 11
761 6
762 13
763 11
764 12
765 7
766 12
767 10
768 11
769 7
770 11
771 9
772 6
773 8
774 10
775 9
776 10
777 4
778 13
779 11
780 12
781 8
782 12
783 9
784 11
785 7
786 12
787 10
788 11
789 8
790 8
791 9
792 9
793 4
794 12
795 10
796 7
797 8
798 11
799 8
800 9
801 6
802 10
803 9
804 10
805 6
806 10
807 8
808 9
809 2
810 13
811 11
812 10
813 7
814 12
815 10
816 8
817 7
818 12
819 10
820 9
821 8
822 11
823 9
824 10
825 5
826 10
827 10
828 11
829 8
830 11
831 9
832 10
833 2
834 11
835 9
836 10
837 7
838 10
839 8
840 9
841 3
842 12
843 10
844 8
845 8
846 8
847 9
848 10
849 6
850 11
851 9
852 10
853 7
854 10
855 8
856 9
857 4
858 11
859 9
860 10
861 7
862 10
863 8
864 9
865 5
866 10
867 8
868 9
869 6
870 9
871 7
872 8
873 0
874 10
875 10
876 11
877 8
878 11
879 9
880 8
881 6
882 11
883 9
884 10
885 7
886 10
887 7
888 9
889 4
890 10
891 5
892 10
893 7
894 10
895 8
896 8
897 5
898 10
899 8
900 9
901 6
902 8
903 7
904 8
905 2
906 11
907 9
908 10
909 7
910 5
911 8
912 9
913 5
914 10
915 8
916 9
917 6
918 9
919 7
920 8
921 3
922 10
923 8
924 9
925 2
926 9
927 7
928 8
929 4
930 9
931 7
932 4
933 5
934 8
935 6
936 7
937 0
938 8
939 8
940 4
941 6
942 7
943 3
944 8
945 4
946 8
947 7
948 7
949 4
950 8
951 5
952 7
953 2
954 9
955 5
956 8
957 5
958 8
959 6
960 5
961 3
962 8
963 6
964 7
965 1
966 7
967 5
968 6
969 0
970 7
971 4
972 7
973 4
974 4
975 5
976 6
977 1
978 5
979 3
980 6
981 3
982 6
983 4
984 5
985 0
986 5
987 3
988 4
989 2
990 5
991 1
992 4
993 0
994 4
995 2
996 3
997 0
998 2
999 0
1000 0
