1 11
2 14
3 13
4 15
5 12
6 14
7 9
8 12
9 8
10 16
11 14
12 11
13 12
14 14
15 14
16 9
17 9
18 13
19 14
20 15
21 11
22 15
23 10
24 14
25 9
26 16
27 12
28 14
29 10
30 15
31 13
32 13
33 7
34 15
35 13
36 14
37 11
38 14
39 12
40 13
41 4
42 16
43 15
44 15
45 11
46 16
47 12
48 13
49 11
50 16
51 14
52 15
53 12
54 15
55 12
56 14
57 8
58 14
59 12
60 15
61 11
62 13
63 12
64 14
65 10
66 13
67 12
68 13
69 10
70 14
71 12
72 12
73 7
74 16
75 14
76 15
77 12
78 13
79 11
80 13
81 10
82 15
83 8
84 12
85 11
86 12
87 12
88 13
89 8
90 14
91 13
92 14
93 9
94 14
95 10
96 12
97 9
98 13
99 12
100 13
101 8
102 12
103 10
104 10
105 2
106 17
107 15
108 13
109 13
110 16
111 11
112 15
113 10
114 16
115 14
116 14
117 12
118 14
119 13
120 13
121 8
122 15
123 14
124 15
125 11
126 15
127 13
128 14
129 10
130 15
131 13
132 14
133 11
134 14
135 12
136 13
137 7
138 15
139 14
140 15
141 11
142 15
143 12
144 14
145 10
146 15
147 12
148 14
149 10
150 14
151 12
152 13
153 8
154 15
155 12
156 13
157 11
158 14
159 11
160 13
161 9
162 13
163 11
164 12
165 10
166 13
167 11
168 12
169 2
170 16
171 14
172 11
173 12
174 15
175 12
176 14
177 10
178 15
179 12
180 13
181 10
182 10
183 12
184 13
185 8
186 15
187 12
188 13
189 11
190 14
191 8
192 13
193 9
194 14
195 12
196 13
197 10
198 12
199 10
200 12
201 6
202 14
203 13
204 14
205 11
206 14
207 12
208 12
209 9
210 14
211 11
212 12
213 9
214 12
215 11
216 12
217 7
218 14
219 12
220 12
221 10
222 12
223 10
224 12
225 7
226 13
227 10
228 11
229 8
230 12
231 10
232 10
233 2
234 15
235 15
236 16
237 13
238 16
239 14
240 15
241 11
242 16
243 9
244 15
245 12
246 15
247 13
248 14
249 9
250 16
251 7
252 15
253 10
254 15
255 13
256 8
257 7
258 13
259 13
260 12
261 8
262 14
263 10
264 13
265 7
266 16
267 14
268 10
269 12
270 13
271 13
272 14
273 10
274 12
275 13
276 12
277 9
278 12
279 12
280 13
281 8
282 15
283 13
284 14
285 11
286 14
287 12
288 13
289 9
290 14
291 12
292 10
293 10
294 13
295 8
296 9
297 5
298 16
299 14
300 15
301 12
302 15
303 9
304 10
305 10
306 15
307 13
308 14
309 11
310 10
311 12
312 11
313 6
314 15
315 11
316 14
317 11
318 14
319 12
320 13
321 9
322 14
323 12
324 13
325 10
326 13
327 3
328 12
329 4
330 15
331 13
332 14
333 11
334 14
335 12
336 13
337 9
338 14
339 7
340 13
341 8
342 13
343 9
344 12
345 7
346 12
347 12
348 11
349 10
350 13
351 11
352 12
353 8
354 13
355 9
356 12
357 9
358 12
359 10
360 11
361 3
362 16
363 14
364 15
365 9
366 15
367 13
368 14
369 10
370 15
371 6
372 11
373 11
374 14
375 12
376 13
377 8
378 15
379 13
380 14
381 11
382 14
383 12
384 10
385 9
386 14
387 12
388 13
389 7
390 13
391 11
392 12
393 6
394 15
395 13
396 14
397 11
398 14
399 12
400 13
401 9
402 14
403 12
404 13
405 7
406 13
407 11
408 12
409 7
410 14
411 6
412 13
413 7
414 13
415 11
416 9
417 8
418 13
419 11
420 12
421 9
422 12
423 10
424 11
425 4
426 15
427 13
428 14
429 11
430 14
431 12
432 13
433 9
434 14
435 12
436 13
437 10
438 8
439 11
440 12
441 7
442 14
443 6
444 13
445 10
446 13
447 11
448 12
449 8
450 13
451 11
452 12
453 9
454 12
455 10
456 11
457 5
458 14
459 12
460 13
461 10
462 13
463 11
464 12
465 8
466 13
467 11
468 12
469 4
470 12
471 10
472 11
473 6
474 13
475 11
476 12
477 9
478 12
479 10
480 11
481 7
482 12
483 10
484 11
485 8
486 11
487 9
488 10
489 0
490 16
491 13
492 11
493 12
494 15
495 13
496 14
497 10
498 14
499 13
500 12
501 11
502 13
503 12
504 13
505 7
506 14
507 13
508 13
509 11
510 13
511 11
512 12
513 7
514 12
515 11
516 13
517 9
518 13
519 11
520 12
521 3
522 13
523 13
524 13
525 11
526 14
527 10
528 13
529 9
530 12
531 12
532 13
533 10
534 13
535 10
536 12
537 7
538 13
539 12
540 13
541 8
542 13
543 10
544 12
545 6
546 12
547 11
548 12
549 9
550 12
551 10
552 10
553 4
554 15
555 13
556 14
557 11
558 13
559 12
560 13
561 9
562 14
563 12
564 12
565 10
566 13
567 11
568 11
569 7
570 11
571 12
572 13
573 10
574 13
575 11
576 12
577 5
578 12
579 10
580 12
581 8
582 11
583 10
584 11
585 5
586 13
587 11
588 13
589 10
590 13
591 10
592 12
593 8
594 9
595 11
596 11
597 8
598 12
599 10
600 10
601 6
602 12
603 11
604 12
605 9
606 12
607 9
608 11
609 7
610 12
611 10
612 10
613 8
614 10
615 8
616 9
617 2
618 15
619 11
620 12
621 11
622 14
623 10
624 11
625 9
626 14
627 8
628 10
629 6
630 13
631 11
632 9
633 5
634 14
635 12
636 13
637 8
638 13
639 9
640 9
641 8
642 13
643 8
644 12
645 9
646 12
647 10
648 11
649 5
650 12
651 12
652 13
653 10
654 13
655 9
656 10
657 8
658 13
659 9
660 12
661 9
662 12
663 10
664 9
665 6
666 13
667 11
668 12
669 9
670 10
671 8
672 9
673 7
674 12
675 10
676 11
677 8
678 9
679 9
680 10
681 3
682 14
683 12
684 13
685 10
686 13
687 11
688 9
689 8
690 13
691 11
692 12
693 9
694 9
695 10
696 11
697 6
698 13
699 11
700 12
701 9
702 12
703 10
704 11
705 7
706 12
707 10
708 11
709 8
710 11
711 9
712 10
713 4
714 13
715 7
716 12
717 9
718 8
719 10
720 11
721 3
722 12
723 10
724 11
725 8
726 11
727 9
728 10
729 5
730 12
731 10
732 11
733 8
734 11
735 9
736 10
737 1
738 11
739 9
740 10
741 7
742 10
743 8
744 9
745 0
746 12
747 12
748 12
749 8
750 11
751 9
752 12
753 8
754 13
755 10
756 11
757 9
758 11
759 9
760 11
761 4
762 13
763 10
764 12
765 9
766 12
767 9
768 11
769 7
770 11
771 10
772 11
773 6
774 11
775 9
776 10
777 4
778 13
779 11
780 9
781 6
782 11
783 9
784 11
785 7
786 7
787 10
788 11
789 8
790 11
791 9
792 9
793 5
794 12
795 10
796 10
797 7
798 10
799 9
800 10
801 6
802 11
803 4
804 9
805 7
806 9
807 8
808 8
809 2
810 13
811 11
812 12
813 7
814 12
815 7
816 11
817 7
818 12
819 10
820 11
821 6
822 9
823 9
824 10
825 5
826 12
827 10
828 11
829 8
830 9
831 9
832 6
833 6
834 11
835 9
836 10
837 7
838 10
839 8
840 9
841 3
842 12
843 10
844 11
845 8
846 11
847 9
848 7
849 2
850 11
851 9
852 7
853 7
854 10
855 8
856 9
857 4
858 5
859 9
860 10
861 7
862 10
863 8
864 9
865 5
866 10
867 8
868 9
869 6
870 9
871 7
872 8
873 0
874 10
875 8
876 11
877 7
878 11
879 9
880 9
881 6
882 11
883 9
884 9
885 5
886 9
887 7
888 9
889 2
890 10
891 9
892 10
893 7
894 10
895 8
896 9
897 5
898 10
899 7
900 8
901 5
902 4
903 7
904 8
905 2
906 11
907 9
908 10
909 7
910 10
911 8
912 6
913 5
914 10
915 8
916 9
917 4
918 9
919 7
920 8
921 3
922 7
923 8
924 9
925 6
926 9
927 7
928 8
929 1
930 9
931 7
932 8
933 5
934 8
935 6
936 7
937 0
938 9
939 8
940 9
941 6
942 9
943 7
944 7
945 3
946 9
947 7
948 7
949 5
950 7
951 6
952 7
953 1
954 9
955 7
956 6
957 5
958 8
959 4
960 5
961 3
962 8
963 3
964 4
965 4
966 7
967 5
968 6
969 0
970 6
971 6
972 6
973 4
974 7
975 5
976 5
977 2
978 4
979 5
980 4
981 3
982 6
983 4
984 5
985 0
986 4
987 2
988 4
989 1
990 5
991 3
992 4
993 0
994 3
995 2
996 3
997 0
998 2
999 0
1000 0
