1 9
2 14
3 14
4 14
5 12
6 13
7 10
8 13
9 7
10 17
11 10
12 15
13 13
14 14
15 14
16 15
17 11
18 14
19 13
20 14
21 12
22 15
23 13
24 13
25 9
26 16
27 14
28 14
29 12
30 15
31 10
32 14
33 10
34 14
35 13
36 14
37 10
38 14
39 12
40 10
41 6
42 17
43 13
44 16
45 12
46 16
47 14
48 14
49 10
50 16
51 12
52 8
53 10
54 13
55 12
56 14
57 7
58 12
59 13
60 15
61 12
62 11
63 13
64 13
65 10
66 15
67 13
68 14
69 9
70 13
71 11
72 13
73 7
74 14
75 12
76 15
77 12
78 14
79 12
80 14
81 10
82 15
83 12
84 14
85 11
86 14
87 7
88 12
89 6
90 15
91 12
92 13
93 10
94 14
95 12
96 13
97 9
98 13
99 11
100 13
101 9
102 12
103 9
104 12
105 4
106 16
107 15
108 15
109 13
110 16
111 14
112 15
113 11
114 15
115 13
116 15
117 12
118 14
119 9
120 13
121 9
122 15
123 14
124 9
125 12
126 15
127 12
128 14
129 9
130 14
131 12
132 14
133 10
134 14
135 12
136 13
137 6
138 16
139 13
140 14
141 12
142 15
143 13
144 14
145 9
146 15
147 12
148 14
149 8
150 13
151 12
152 13
153 7
154 14
155 12
156 14
157 5
158 14
159 9
160 13
161 6
162 13
163 11
164 13
165 10
166 13
167 11
168 12
169 5
170 16
171 13
172 14
173 12
174 14
175 12
176 13
177 10
178 15
179 13
180 14
181 10
182 14
183 12
184 13
185 7
186 14
187 12
188 14
189 11
190 13
191 12
192 12
193 9
194 14
195 11
196 13
197 9
198 13
199 10
200 12
201 6
202 15
203 13
204 14
205 10
206 14
207 11
208 13
209 9
210 14
211 11
212 13
213 10
214 12
215 11
216 11
217 7
218 14
219 12
220 12
221 10
222 12
223 10
224 12
225 7
226 13
227 11
228 12
229 9
230 12
231 9
232 10
233 2
234 17
235 15
236 16
237 13
238 16
239 14
240 15
241 11
242 16
243 14
244 10
245 12
246 13
247 11
248 10
249 9
250 16
251 14
252 15
253 12
254 15
255 13
256 14
257 10
258 15
259 11
260 14
261 7
262 14
263 12
264 13
265 7
266 13
267 14
268 15
269 9
270 15
271 11
272 14
273 10
274 12
275 13
276 11
277 11
278 14
279 12
280 13
281 8
282 15
283 13
284 14
285 11
286 14
287 12
288 13
289 7
290 14
291 12
292 13
293 7
294 5
295 9
296 12
297 5
298 11
299 14
300 15
301 12
302 15
303 11
304 14
305 10
306 15
307 13
308 14
309 11
310 14
311 10
312 13
313 4
314 15
315 13
316 14
317 9
318 14
319 12
320 9
321 9
322 14
323 12
324 13
325 8
326 11
327 9
328 10
329 6
330 15
331 13
332 14
333 11
334 14
335 10
336 13
337 9
338 14
339 12
340 13
341 8
342 13
343 11
344 12
345 7
346 12
347 12
348 13
349 10
350 13
351 9
352 12
353 8
354 13
355 11
356 10
357 7
358 12
359 8
360 11
361 3
362 16
363 11
364 15
365 12
366 15
367 9
368 14
369 7
370 15
371 13
372 14
373 11
374 14
375 12
376 13
377 8
378 15
379 13
380 14
381 11
382 14
383 9
384 13
385 9
386 14
387 12
388 13
389 10
390 13
391 11
392 12
393 6
394 15
395 13
396 14
397 11
398 14
399 12
400 13
401 9
402 14
403 12
404 13
405 10
406 13
407 11
408 12
409 7
410 14
411 12
412 13
413 10
414 13
415 11
416 12
417 8
418 13
419 11
420 12
421 9
422 9
423 10
424 11
425 4
426 15
427 13
428 14
429 11
430 10
431 12
432 13
433 5
434 14
435 12
436 13
437 5
438 13
439 11
440 12
441 7
442 14
443 6
444 13
445 10
446 13
447 11
448 12
449 8
450 13
451 11
452 12
453 9
454 12
455 10
456 11
457 5
458 14
459 12
460 13
461 10
462 13
463 11
464 12
465 8
466 13
467 11
468 12
469 9
470 12
471 10
472 11
473 6
474 13
475 11
476 12
477 9
478 12
479 10
480 11
481 7
482 12
483 3
484 11
485 8
486 11
487 9
488 10
489 0
490 16
491 8
492 15
493 9
494 14
495 12
496 12
497 10
498 15
499 11
500 14
501 11
502 13
503 11
504 10
505 8
506 15
507 13
508 13
509 11
510 14
511 11
512 10
513 9
514 13
515 12
516 13
517 10
518 13
519 10
520 12
521 4
522 15
523 13
524 14
525 11
526 13
527 12
528 13
529 9
530 14
531 11
532 12
533 9
534 11
535 10
536 11
537 5
538 12
539 12
540 12
541 9
542 12
543 11
544 12
545 7
546 13
547 11
548 12
549 8
550 12
551 10
552 11
553 2
554 14
555 13
556 14
557 11
558 13
559 12
560 13
561 9
562 14
563 11
564 13
565 10
566 12
567 11
568 12
569 6
570 11
571 11
572 13
573 10
574 13
575 11
576 12
577 7
578 13
579 10
580 12
581 9
582 12
583 9
584 10
585 5
586 14
587 12
588 8
589 10
590 12
591 11
592 12
593 3
594 13
595 10
596 11
597 9
598 11
599 10
600 11
601 5
602 13
603 11
604 12
605 8
606 12
607 10
608 11
609 7
610 11
611 9
612 11
613 8
614 10
615 9
616 10
617 2
618 15
619 9
620 14
621 11
622 12
623 12
624 13
625 9
626 14
627 12
628 11
629 8
630 11
631 11
632 12
633 7
634 14
635 9
636 13
637 10
638 13
639 9
640 12
641 8
642 13
643 11
644 12
645 9
646 12
647 10
648 8
649 5
650 14
651 12
652 13
653 10
654 13
655 11
656 8
657 6
658 13
659 11
660 12
661 9
662 12
663 8
664 11
665 4
666 11
667 11
668 10
669 9
670 12
671 10
672 11
673 7
674 10
675 10
676 11
677 8
678 11
679 9
680 10
681 3
682 11
683 12
684 13
685 7
686 9
687 11
688 12
689 8
690 13
691 11
692 12
693 9
694 12
695 10
696 11
697 6
698 8
699 11
700 12
701 9
702 12
703 10
704 11
705 7
706 12
707 7
708 8
709 8
710 11
711 9
712 10
713 4
714 13
715 7
716 12
717 9
718 5
719 10
720 6
721 7
722 12
723 10
724 11
725 2
726 11
727 9
728 10
729 5
730 12
731 10
732 11
733 8
734 11
735 9
736 10
737 6
738 11
739 9
740 10
741 7
742 10
743 8
744 9
745 0
746 11
747 12
748 9
749 7
750 9
751 11
752 9
753 8
754 12
755 10
756 11
757 7
758 11
759 10
760 10
761 6
762 12
763 9
764 12
765 9
766 10
767 10
768 9
769 7
770 12
771 9
772 11
773 8
774 10
775 9
776 8
777 4
778 13
779 10
780 12
781 9
782 11
783 9
784 11
785 7
786 9
787 5
788 11
789 8
790 11
791 9
792 9
793 5
794 12
795 10
796 10
797 7
798 11
799 9
800 10
801 5
802 10
803 9
804 10
805 7
806 10
807 8
808 8
809 1
810 13
811 11
812 12
813 7
814 10
815 10
816 11
817 4
818 9
819 8
820 11
821 8
822 11
823 9
824 8
825 5
826 12
827 8
828 11
829 4
830 9
831 9
832 10
833 4
834 11
835 9
836 10
837 7
838 10
839 8
840 9
841 3
842 12
843 10
844 11
845 8
846 11
847 9
848 10
849 6
850 11
851 9
852 10
853 7
854 10
855 8
856 9
857 4
858 11
859 9
860 10
861 7
862 10
863 8
864 9
865 5
866 10
867 8
868 9
869 6
870 9
871 7
872 8
873 0
874 12
875 10
876 9
877 8
878 11
879 9
880 10
881 6
882 11
883 8
884 8
885 7
886 10
887 7
888 8
889 3
890 11
891 9
892 10
893 6
894 10
895 8
896 9
897 5
898 9
899 8
900 9
901 6
902 9
903 6
904 8
905 2
906 6
907 9
908 10
909 7
910 10
911 8
912 9
913 5
914 10
915 8
916 7
917 6
918 9
919 7
920 8
921 3
922 10
923 8
924 9
925 6
926 9
927 7
928 8
929 4
930 9
931 7
932 8
933 5
934 8
935 6
936 7
937 0
938 8
939 6
940 8
941 5
942 8
943 5
944 8
945 3
946 6
947 7
948 8
949 5
950 8
951 5
952 6
953 2
954 7
955 7
956 8
957 5
958 6
959 4
960 7
961 3
962 8
963 6
964 7
965 1
966 7
967 5
968 6
969 0
970 8
971 5
972 6
973 3
974 4
975 5
976 5
977 2
978 7
979 5
980 4
981 3
982 2
983 4
984 5
985 0
986 5
987 3
988 5
989 2
990 3
991 3
992 4
993 0
994 4
995 2
996 3
997 0
998 2
999 0
1000 0
