1 9
2 15
3 14
4 13
5 12
6 14
7 10
8 14
9 8
10 17
11 14
12 15
13 10
14 14
15 14
16 15
17 8
18 16
19 14
20 13
21 12
22 15
23 13
24 13
25 6
26 15
27 14
28 15
29 10
30 15
31 12
32 14
33 10
34 14
35 12
36 13
37 11
38 11
39 12
40 12
41 6
42 17
43 15
44 15
45 13
46 15
47 14
48 13
49 11
50 16
51 14
52 15
53 11
54 13
55 13
56 14
57 7
58 16
59 13
60 11
61 10
62 15
63 12
64 14
65 10
66 14
67 12
68 14
69 11
70 13
71 12
72 12
73 7
74 15
75 13
76 15
77 12
78 15
79 13
80 14
81 8
82 15
83 13
84 13
85 11
86 14
87 11
88 13
89 3
90 14
91 12
92 14
93 10
94 12
95 10
96 13
97 9
98 13
99 12
100 13
101 10
102 13
103 11
104 12
105 4
106 17
107 15
108 16
109 13
110 16
111 13
112 14
113 11
114 16
115 9
116 15
117 12
118 15
119 13
120 10
121 8
122 16
123 14
124 15
125 12
126 11
127 13
128 11
129 9
130 14
131 12
132 13
133 10
134 14
135 12
136 12
137 4
138 15
139 13
140 15
141 12
142 15
143 13
144 11
145 10
146 15
147 13
148 14
149 11
150 14
151 11
152 13
153 8
154 15
155 13
156 14
157 10
158 14
159 12
160 12
161 9
162 14
163 9
164 13
165 10
166 13
167 11
168 11
169 5
170 15
171 14
172 14
173 12
174 14
175 13
176 10
177 9
178 14
179 13
180 13
181 10
182 13
183 11
184 13
185 7
186 15
187 13
188 14
189 11
190 14
191 12
192 13
193 8
194 14
195 12
196 13
197 9
198 13
199 11
200 12
201 6
202 15
203 13
204 14
205 11
206 14
207 11
208 13
209 8
210 13
211 12
212 13
213 10
214 13
215 11
216 12
217 7
218 14
219 12
220 12
221 10
222 13
223 10
224 11
225 8
226 13
227 11
228 12
229 8
230 12
231 10
232 10
233 1
234 15
235 15
236 16
237 13
238 16
239 12
240 15
241 7
242 12
243 14
244 15
245 12
246 15
247 13
248 14
249 9
250 12
251 14
252 12
253 10
254 15
255 13
256 14
257 10
258 15
259 13
260 14
261 11
262 14
263 12
264 10
265 5
266 16
267 14
268 15
269 12
270 15
271 13
272 14
273 7
274 15
275 13
276 14
277 11
278 14
279 12
280 13
281 8
282 13
283 13
284 14
285 11
286 14
287 10
288 13
289 9
290 12
291 12
292 13
293 10
294 11
295 11
296 12
297 5
298 16
299 8
300 15
301 12
302 15
303 9
304 12
305 10
306 11
307 9
308 14
309 11
310 14
311 12
312 13
313 4
314 13
315 13
316 14
317 11
318 14
319 10
320 13
321 9
322 14
323 12
324 13
325 10
326 13
327 11
328 12
329 6
330 13
331 11
332 12
333 11
334 14
335 12
336 13
337 9
338 14
339 12
340 13
341 5
342 13
343 11
344 10
345 5
346 14
347 10
348 13
349 8
350 13
351 9
352 12
353 8
354 13
355 11
356 12
357 9
358 12
359 10
360 11
361 1
362 16
363 14
364 15
365 9
366 9
367 13
368 10
369 10
370 12
371 13
372 14
373 11
374 14
375 12
376 13
377 8
378 15
379 13
380 14
381 11
382 14
383 8
384 13
385 9
386 14
387 12
388 13
389 7
390 10
391 11
392 8
393 6
394 15
395 13
396 14
397 11
398 14
399 6
400 4
401 6
402 14
403 12
404 13
405 10
406 13
407 11
408 12
409 7
410 14
411 12
412 10
413 7
414 13
415 11
416 12
417 8
418 13
419 11
420 12
421 9
422 12
423 10
424 8
425 4
426 15
427 13
428 14
429 7
430 14
431 12
432 13
433 9
434 10
435 12
436 13
437 10
438 9
439 11
440 12
441 7
442 14
443 12
444 13
445 10
446 13
447 11
448 12
449 8
450 13
451 11
452 12
453 9
454 12
455 10
456 11
457 5
458 9
459 12
460 13
461 10
462 13
463 11
464 12
465 8
466 13
467 11
468 12
469 9
470 12
471 10
472 11
473 6
474 13
475 11
476 12
477 9
478 12
479 10
480 11
481 7
482 12
483 10
484 11
485 8
486 11
487 9
488 10
489 0
490 14
491 14
492 14
493 12
494 14
495 13
496 14
497 8
498 15
499 13
500 13
501 10
502 14
503 10
504 13
505 8
506 14
507 10
508 14
509 10
510 14
511 11
512 12
513 7
514 14
515 12
516 12
517 10
518 12
519 11
520 11
521 3
522 14
523 13
524 12
525 11
526 12
527 12
528 11
529 8
530 14
531 11
532 12
533 8
534 11
535 11
536 11
537 7
538 12
539 7
540 13
541 10
542 13
543 11
544 12
545 8
546 11
547 11
548 12
549 9
550 12
551 9
552 11
553 2
554 12
555 13
556 14
557 10
558 13
559 12
560 13
561 9
562 14
563 12
564 13
565 10
566 9
567 11
568 12
569 7
570 14
571 11
572 13
573 10
574 12
575 10
576 12
577 3
578 13
579 11
580 11
581 9
582 11
583 10
584 11
585 4
586 14
587 11
588 13
589 10
590 13
591 10
592 11
593 8
594 13
595 10
596 11
597 9
598 11
599 10
600 11
601 2
602 12
603 10
604 11
605 9
606 12
607 10
608 11
609 7
610 11
611 9
612 10
613 8
614 11
615 8
616 9
617 2
618 15
619 13
620 14
621 11
622 7
623 10
624 13
625 7
626 14
627 10
628 13
629 10
630 13
631 7
632 12
633 5
634 12
635 7
636 13
637 10
638 13
639 11
640 10
641 8
642 11
643 11
644 12
645 9
646 12
647 10
648 11
649 3
650 12
651 8
652 11
653 10
654 9
655 11
656 8
657 8
658 13
659 11
660 12
661 9
662 10
663 10
664 11
665 6
666 11
667 9
668 12
669 9
670 12
671 10
672 11
673 7
674 10
675 10
676 11
677 8
678 11
679 7
680 10
681 3
682 14
683 8
684 13
685 10
686 13
687 11
688 12
689 5
690 13
691 7
692 12
693 9
694 12
695 10
696 11
697 6
698 13
699 11
700 12
701 9
702 9
703 10
704 11
705 7
706 12
707 10
708 11
709 8
710 11
711 9
712 7
713 4
714 13
715 11
716 12
717 5
718 12
719 10
720 11
721 7
722 12
723 10
724 11
725 8
726 11
727 9
728 10
729 1
730 12
731 10
732 11
733 8
734 11
735 9
736 10
737 6
738 11
739 9
740 10
741 7
742 10
743 8
744 9
745 0
746 13
747 12
748 13
749 10
750 13
751 11
752 11
753 6
754 12
755 11
756 10
757 9
758 11
759 10
760 11
761 4
762 12
763 10
764 12
765 8
766 12
767 10
768 4
769 5
770 10
771 9
772 9
773 7
774 11
775 9
776 10
777 4
778 13
779 10
780 9
781 9
782 11
783 9
784 11
785 6
786 11
787 9
788 10
789 5
790 10
791 8
792 10
793 4
794 12
795 10
796 11
797 8
798 11
799 8
800 6
801 5
802 11
803 9
804 10
805 7
806 10
807 7
808 9
809 2
810 13
811 6
812 10
813 9
814 12
815 10
816 8
817 7
818 12
819 8
820 11
821 6
822 11
823 9
824 10
825 5
826 10
827 8
828 9
829 8
830 9
831 9
832 8
833 6
834 11
835 9
836 10
837 7
838 10
839 8
840 9
841 3
842 12
843 10
844 11
845 8
846 11
847 9
848 10
849 6
850 11
851 9
852 10
853 4
854 7
855 8
856 9
857 4
858 11
859 9
860 10
861 7
862 10
863 8
864 9
865 5
866 10
867 8
868 9
869 6
870 9
871 7
872 8
873 0
874 11
875 9
876 9
877 8
878 10
879 7
880 10
881 6
882 11
883 9
884 9
885 5
886 10
887 8
888 8
889 4
890 11
891 8
892 10
893 6
894 10
895 7
896 6
897 5
898 10
899 7
900 8
901 6
902 8
903 7
904 7
905 2
906 11
907 9
908 8
909 3
910 4
911 5
912 7
913 5
914 10
915 8
916 7
917 6
918 9
919 7
920 6
921 1
922 10
923 5
924 9
925 6
926 9
927 7
928 8
929 4
930 9
931 7
932 8
933 1
934 8
935 6
936 7
937 0
938 10
939 8
940 9
941 5
942 9
943 7
944 7
945 4
946 8
947 7
948 5
949 5
950 8
951 6
952 7
953 1
954 6
955 7
956 8
957 5
958 8
959 6
960 7
961 1
962 8
963 6
964 7
965 4
966 7
967 5
968 6
969 0
970 7
971 3
972 7
973 4
974 6
975 5
976 5
977 2
978 7
979 3
980 6
981 3
982 6
983 4
984 5
985 0
986 6
987 3
988 4
989 2
990 5
991 3
992 4
993 0
994 4
995 2
996 3
997 0
998 2
999 0
1000 0
