10857              1  1  0  B
14568304           1  1  1  B
14572323           1  1  2  B
44232599           1  1  3  B
44232666           1  1  0  B
77498657           1  1  1  B
77498751           1  1  2  B
103906517          1  1  3  B
103906588          1  1  0  B
139071237          1  1  1  B
143236122          1  1  2  B
186024369          1  1  3  B
186024476          1  1  0  B
209500059          1  1  1  B
214798713          1  1  2  B
255154711          1  1  3  B
255154831          1  1  0  B
278892511          1  1  1  B
301026100          1  1  2  B
350364445          1  1  3  B
350364515          1  1  0  B
372455033          1  1  1  B
378864025          1  1  2  B
414983880          1  1  3  B
414983961          1  1  0  B
451803110          1  1  1  B
454306583          1  1  2  B
490944264          1  1  3  B
490944362          1  1  0  B
525759082          1  1  1  B
525759460          1  1  2  B
565305794          1  1  3  B
565305877          1  1  0  B
16104              0  0  0  A
34015663           0  0  1  A
44276088           0  0  2  A
70039531           0  0  3  A
70039612           0  0  0  A
91122215           0  0  1  A
103951913          0  0  2  A
143231829          0  0  3  A
143231910          0  0  0  A
185972487          0  0  1  A
186029864          0  0  2  A
214750635          0  0  3  A
214750718          0  0  0  A
262175131          0  0  1  A
262175294          0  0  2  A
301008790          0  0  3  A
301008878          0  0  0  A
342826886          0  0  1  A
350391236          0  0  2  A
378846613          0  0  3  A
378846692          0  0  0  A
391500091          0  0  1  A
415016303          0  0  2  A
454253120          0  0  3  A
454253220          0  0  0  A
497596052          0  0  1  A
497596200          0  0  2  A
516135505          0  0  3  A
516135687          0  0  0  A
529008235          0  0  1  A
565349914          0  0  2  A
579462681          0  0  3  A
579462728          0  0  0  A
-1 2 2 4 LOCAL_SECTION;ENTRY_PROTOCOL;CRITICAL_SECTION;EXIT_PROTOCOL;ALGORITHM=Peterson;
